1 20.000000 10 0.000000 37 1.000000 0.000000 1.000000 1.000000 0.547025 0.094771 0.589954
1 20.000000 8569 0.000000 43 1.000000 0.000000 1.000000 1.000000 0.545528 0.095191 0.588790
1 40.000000 10 0.000000 69 1.000000 0.000000 1.000400 1.000400 0.812281 0.041590 0.820089
1 40.000000 8569 0.000000 70 1.000000 0.000000 1.000500 1.000500 0.822894 0.039394 0.829870
1 60.000000 10 0.001400 94 1.000000 0.000000 1.002804 1.002804 0.901317 0.022364 0.903524
1 60.000000 8569 0.001300 93 1.000000 0.000000 1.004005 1.004005 0.898362 0.023063 0.900706
1 80.000000 10 0.004800 117 1.000000 0.000000 1.014972 1.014972 0.922196 0.017888 0.923587
1 80.000000 8569 0.005500 112 1.000000 0.000000 1.013876 1.013876 0.924277 0.017458 0.925599
1 100.000000 10 0.015900 140 1.000000 0.000000 1.033736 1.033736 0.927193 0.017129 0.928440
1 100.000000 8569 0.018200 147 1.000000 0.000000 1.029334 1.029334 0.928650 0.016801 0.929849
1 120.000000 10 0.034400 161 1.000000 0.000000 1.057684 1.057684 0.932423 0.016443 0.933534
1 120.000000 8569 0.036500 165 1.000000 0.000000 1.051998 1.051998 0.934767 0.015863 0.935802
1 140.000000 10 0.055400 176 1.000000 0.000000 1.075376 1.075376 0.936537 0.015904 0.937547
1 140.000000 8569 0.056400 187 1.000000 0.000000 1.076409 1.076409 0.937215 0.015782 0.938206
1 160.000000 10 0.080000 196 1.000000 0.000000 1.094891 1.094891 0.938161 0.016081 0.939155
1 160.000000 8569 0.081800 195 1.000000 0.000000 1.096929 1.096929 0.937402 0.016281 0.938421
1 180.000000 10 0.103300 214 1.000000 0.000000 1.110739 1.110739 0.939748 0.016148 0.940721
1 180.000000 8569 0.102800 217 1.000000 0.000000 1.109897 1.109897 0.942124 0.015513 0.943022
1 200.000000 10 0.126500 228 1.000000 0.000000 1.123068 1.123068 0.940779 0.016385 0.941749
1 200.000000 8569 0.126900 245 1.000000 0.000000 1.115909 1.115909 0.940987 0.016273 0.941947
1 220.000000 10 0.150400 246 1.000000 0.000000 1.129120 1.129120 0.943741 0.015971 0.944639
1 220.000000 8569 0.150200 256 1.000000 0.000000 1.132031 1.132031 0.943683 0.015993 0.944584
1 240.000000 10 0.177700 271 1.000000 0.000000 1.140338 1.140338 0.944564 0.016269 0.945466
1 240.000000 8569 0.168000 284 1.000000 0.000000 1.138582 1.138582 0.943395 0.016392 0.944323
1 260.000000 10 0.195000 287 1.000000 0.000000 1.148944 1.148944 0.946356 0.016056 0.947217
1 260.000000 8569 0.189300 290 1.000000 0.000000 1.153448 1.153448 0.944848 0.016428 0.945754
1 280.000000 10 0.213400 293 1.000000 0.000000 1.152047 1.152047 0.946505 0.016354 0.947380
1 280.000000 8569 0.211000 290 1.000000 0.000000 1.148289 1.148289 0.947087 0.016111 0.947939
1 300.000000 10 0.229400 308 1.000000 0.000000 1.161433 1.161433 0.948073 0.016282 0.948918
1 300.000000 8569 0.220500 310 1.000000 0.000000 1.161514 1.161514 0.947764 0.016207 0.948611
1 320.000000 10 0.243000 319 1.000000 0.000000 1.158256 1.158256 0.947741 0.016530 0.948605
1 320.000000 8569 0.240400 326 1.000000 0.000000 1.158504 1.158504 0.947493 0.016548 0.948362
1 340.000000 10 0.262900 330 1.000000 0.000000 1.160087 1.160087 0.948119 0.016686 0.948985
1 340.000000 8569 0.254300 337 1.000000 0.000000 1.162800 1.162800 0.948465 0.016465 0.949314
1 360.000000 10 0.271000 343 1.000000 0.000000 1.163374 1.163374 0.949044 0.016566 0.949888
1 360.000000 8569 0.270600 346 1.000000 0.000000 1.163422 1.163422 0.949766 0.016354 0.950588
1 380.000000 10 0.288700 359 1.000000 0.000000 1.168846 1.168846 0.950764 0.016423 0.951573
1 380.000000 8569 0.281700 356 1.000000 0.000000 1.164973 1.164973 0.949529 0.016623 0.950368
1 400.000000 10 0.301100 364 1.000000 0.000000 1.162827 1.162827 0.951497 0.016275 0.952287
1 400.000000 8569 0.293400 359 1.000000 0.000000 1.169544 1.169544 0.950469 0.016478 0.951285
1 420.000000 10 0.310400 378 1.000000 0.000000 1.173434 1.173434 0.951173 0.016581 0.951983
1 420.000000 8569 0.307900 375 1.000000 0.000000 1.164861 1.164861 0.950663 0.016600 0.951482
1 440.000000 10 0.325300 392 1.000000 0.000000 1.173707 1.173707 0.951506 0.016622 0.952312
1 440.000000 8569 0.313400 388 1.000000 0.000000 1.162540 1.162540 0.951126 0.016522 0.951933
1 460.000000 10 0.337300 407 1.000000 0.000000 1.173080 1.173080 0.952763 0.016428 0.953539
1 460.000000 8569 0.324200 399 1.000000 0.000000 1.170761 1.170761 0.952333 0.016424 0.953115
1 480.000000 10 0.348200 414 1.000000 0.000000 1.171525 1.171525 0.952810 0.016559 0.953591
1 480.000000 8569 0.337800 414 1.000000 0.000000 1.167472 1.167472 0.951550 0.016705 0.952359
1 500.000000 10 0.355000 418 1.000000 0.000000 1.168527 1.168527 0.952373 0.016751 0.953171
1 500.000000 8569 0.346500 431 1.000000 0.000000 1.169396 1.169396 0.953026 0.016473 0.953800
1 520.000000 10 0.364200 430 1.000000 0.000000 1.177100 1.177100 0.953964 0.016408 0.954719
1 520.000000 8569 0.356300 424 1.000000 0.000000 1.171198 1.171198 0.952501 0.016764 0.953298
1 540.000000 10 0.373400 438 1.000000 0.000000 1.176029 1.176029 0.953985 0.016562 0.954747
1 540.000000 8569 0.365000 436 1.000000 0.000000 1.175433 1.175433 0.952904 0.016819 0.953696
1 560.000000 10 0.381800 445 1.000000 0.000000 1.174539 1.174539 0.953270 0.016809 0.954055
1 560.000000 8569 0.374800 444 1.000000 0.000000 1.167946 1.167946 0.953366 0.016806 0.954149
1 580.000000 10 0.388100 467 1.000000 0.000000 1.173231 1.173231 0.954557 0.016586 0.955311
1 580.000000 8569 0.382600 452 1.000000 0.000000 1.172660 1.172660 0.953446 0.016822 0.954229
1 600.000000 10 0.399400 459 1.000000 0.000000 1.171495 1.171495 0.954552 0.016644 0.955308
1 600.000000 8569 0.391300 466 1.000000 0.000000 1.170856 1.170856 0.954340 0.016691 0.955102
1 620.000000 10 0.408300 480 1.000000 0.000000 1.176441 1.176441 0.954761 0.016671 0.955515
1 620.000000 8569 0.406300 472 1.000000 0.000000 1.169951 1.169951 0.953807 0.016991 0.954592
1 640.000000 10 0.417300 486 1.000000 0.000000 1.173159 1.173159 0.955630 0.016591 0.956367
1 640.000000 8569 0.406800 480 1.000000 0.000000 1.164194 1.164194 0.955044 0.016524 0.955786
1 660.000000 10 0.419500 497 1.000000 0.000000 1.180706 1.180706 0.955817 0.016652 0.956553
1 660.000000 8569 0.414200 481 1.000000 0.000000 1.168317 1.168317 0.956180 0.016412 0.956899
1 680.000000 10 0.429700 500 1.000000 0.000000 1.170261 1.170261 0.956069 0.016561 0.956796
1 680.000000 8569 0.414400 497 1.000000 0.000000 1.175376 1.175376 0.955428 0.016727 0.956174
1 700.000000 10 0.436000 505 1.000000 0.000000 1.173936 1.173936 0.957543 0.016067 0.958225
1 700.000000 8569 0.426400 504 1.000000 0.000000 1.164749 1.164749 0.955559 0.016726 0.956303
1 720.000000 10 0.438700 510 1.000000 0.000000 1.166756 1.166756 0.956359 0.016432 0.957077
1 720.000000 8569 0.431600 517 1.000000 0.000000 1.179275 1.179275 0.956181 0.016704 0.956913
1 740.000000 10 0.446100 518 1.000000 0.000000 1.171872 1.171872 0.957021 0.016390 0.957725
1 740.000000 8569 0.438400 515 1.000000 0.000000 1.176816 1.176816 0.956655 0.016578 0.957374
1 760.000000 10 0.456500 533 1.000000 0.000000 1.174793 1.174793 0.956688 0.016641 0.957409
1 760.000000 8569 0.444400 525 1.000000 0.000000 1.168826 1.168826 0.956530 0.016591 0.957251
1 780.000000 10 0.457300 528 1.000000 0.000000 1.163626 1.163626 0.957323 0.016359 0.958021
1 780.000000 8569 0.449900 530 1.000000 0.000000 1.161971 1.161971 0.957192 0.016469 0.957897
1 800.000000 10 0.461400 537 1.000000 0.000000 1.172856 1.172856 0.957887 0.016329 0.958575
1 800.000000 8569 0.459500 553 1.000000 0.000000 1.177983 1.177983 0.958018 0.016460 0.958709
1 820.000000 10 0.471300 555 1.000000 0.000000 1.172309 1.172309 0.957382 0.016672 0.958092
1 820.000000 8569 0.463800 555 1.000000 0.000000 1.175308 1.175308 0.958296 0.016317 0.958977
1 840.000000 10 0.474900 561 1.000000 0.000000 1.169301 1.169301 0.957226 0.016645 0.957938
1 840.000000 8569 0.468100 558 1.000000 0.000000 1.173529 1.173529 0.957534 0.016622 0.958240
1 860.000000 10 0.475800 561 1.000000 0.000000 1.167493 1.167493 0.957797 0.016378 0.958488
1 860.000000 8569 0.468000 578 1.000000 0.000000 1.166165 1.166165 0.958413 0.016353 0.959093
1 880.000000 10 0.486200 593 1.000000 0.000000 1.171857 1.171857 0.958352 0.016433 0.959036
1 880.000000 8569 0.475800 566 1.000000 0.000000 1.169019 1.169019 0.957910 0.016471 0.958604
1 900.000000 10 0.489500 579 1.000000 0.000000 1.169442 1.169442 0.958392 0.016419 0.959076
1 900.000000 8569 0.485200 588 1.000000 0.000000 1.165307 1.165307 0.958320 0.016540 0.959010
1 920.000000 10 0.491300 589 1.000000 0.000000 1.168665 1.168665 0.959034 0.016200 0.959698
1 920.000000 8569 0.487300 581 1.000000 0.000000 1.168130 1.168130 0.958596 0.016364 0.959274
1 940.000000 10 0.493100 601 1.000000 0.000000 1.175972 1.175972 0.958211 0.016600 0.958904
1 940.000000 8569 0.495500 586 1.000000 0.000000 1.161348 1.161348 0.958998 0.016221 0.959663
1 960.000000 10 0.501500 603 1.000000 0.000000 1.169107 1.169107 0.957965 0.016746 0.958669
1 960.000000 8569 0.498700 604 1.000000 0.000000 1.165968 1.165968 0.959012 0.016481 0.959687
1 980.000000 10 0.504100 606 1.000000 0.000000 1.164348 1.164348 0.959623 0.016133 0.960275
1 980.000000 8569 0.501700 601 1.000000 0.000000 1.165764 1.165764 0.958324 0.016512 0.959012
1 1000.000000 10 0.506700 619 1.000000 0.000000 1.173931 1.173931 0.959841 0.016173 0.960491
1 1000.000000 8569 0.507800 609 1.000000 0.000000 1.168224 1.168224 0.958722 0.016598 0.959407
4 80.000000 10 0.000000 110 1.000000 0.000000 1.000000 1.000000 1.000000 -0.116596 1.000000
4 80.000000 8569 0.000000 111 1.000000 0.000000 1.000000 1.000000 1.000000 -0.167378 1.000000
4 160.000000 10 0.000000 191 1.000000 0.000000 1.000000 1.000000 1.000000 -0.774603 1.000000
4 160.000000 8569 0.000000 204 1.000000 0.000000 1.000000 1.000000 1.000000 -0.885470 1.000000
4 240.000000 10 0.000000 281 1.000000 0.000000 1.000000 1.000000 1.000000 -0.990632 1.000000
4 240.000000 8569 0.000000 293 1.000000 0.000000 1.000000 1.000000 1.000000 -0.902097 1.000000
4 320.000000 10 0.000000 372 1.000000 0.000000 1.000000 1.000000 1.000000 -1.012738 1.000000
4 320.000000 8569 0.000000 374 1.000000 0.000000 1.000000 1.000000 1.000000 -0.857575 1.000000
4 400.000000 10 0.000000 453 1.001100 0.000000 1.001100 1.001100 1.000000 -0.815884 1.000000
4 400.000000 8569 0.000000 449 1.000000 0.000000 1.000100 1.000100 1.000000 -0.870035 1.000000
4 480.000000 10 0.001200 543 1.007709 0.000000 1.010212 1.010212 1.000000 -0.849999 1.000000
4 480.000000 8569 0.001100 531 1.006707 0.000000 1.008309 1.008309 1.000000 -0.942981 1.000000
4 560.000000 10 0.008100 653 1.024095 0.000000 1.029842 1.029842 1.000000 -0.914999 1.000000
4 560.000000 8569 0.008000 633 1.022278 0.000000 1.027621 1.027621 1.000000 -0.812499 1.000000
4 640.000000 10 0.022300 752 1.042856 0.000000 1.055539 1.055539 1.000000 -0.960226 1.000000
4 640.000000 8569 0.021400 713 1.040262 0.000000 1.051093 1.051093 1.000000 -0.728260 1.000000
4 720.000000 10 0.038000 819 1.060395 0.000000 1.076507 1.076507 1.000000 -0.818712 1.000000
4 720.000000 8569 0.037800 807 1.055394 0.000000 1.074725 1.074725 1.000000 -0.875775 1.000000
4 800.000000 10 0.057100 902 1.076572 0.000000 1.097677 1.097677 1.000000 -0.721518 1.000000
4 800.000000 8569 0.059100 892 1.074609 0.000000 1.094059 1.094059 1.000000 -0.792206 1.000000
4 880.000000 10 0.075900 952 1.083216 0.000000 1.105833 1.105833 1.000000 -0.939848 1.000000
4 880.000000 8569 0.079000 957 1.075787 0.000000 1.095223 1.095223 1.000000 -1.122948 1.000000
4 960.000000 10 0.099100 1029 1.089910 0.000000 1.118992 1.118992 1.000000 -0.992124 1.000000
4 960.000000 8569 0.097800 1023 1.089226 0.000000 1.114498 1.114498 1.000000 -0.878047 1.000000
4 1040.000000 10 0.119600 1108 1.095525 0.000000 1.123694 1.123694 1.000000 -1.040648 1.000000
4 1040.000000 8569 0.116400 1071 1.090991 0.000000 1.116003 1.116003 1.000000 -0.841268 1.000000
4 1120.000000 10 0.136300 1157 1.097488 0.000000 1.127012 1.127012 1.000000 -1.162159 1.000000
4 1120.000000 8569 0.134900 1148 1.094209 0.000000 1.120680 1.120680 1.000000 -0.729728 1.000000
4 1200.000000 10 0.150700 1223 1.100436 0.000000 1.129047 1.129047 1.000000 -1.095235 1.000000
4 1200.000000 8569 0.151100 1193 1.096124 0.000000 1.122747 1.122747 1.000000 -0.799998 1.000000
4 1280.000000 10 0.167500 1274 1.103063 0.000000 1.137297 1.137297 1.000000 -1.029700 1.000000
4 1280.000000 8569 0.163100 1242 1.101565 0.000000 1.134305 1.134305 1.000000 -0.834781 1.000000
4 1360.000000 10 0.183300 1321 1.104690 0.000000 1.141055 1.141055 1.000000 -1.050502 1.000000
4 1360.000000 8569 0.176600 1295 1.100923 0.000000 1.134200 1.134200 1.000000 -0.794391 1.000000
4 1440.000000 10 0.198000 1368 1.109102 0.000000 1.142893 1.142893 1.000000 -0.803920 1.000000
4 1440.000000 8569 0.190900 1342 1.104313 0.000000 1.140279 1.140279 1.000000 -0.904760 1.000000
4 1520.000000 10 0.213100 1426 1.107638 0.000000 1.143474 1.143474 1.000000 -0.810524 1.000000
4 1520.000000 8569 0.203600 1392 1.103340 0.000000 1.135736 1.135736 1.000000 -0.733332 1.000000
4 1600.000000 10 0.228400 1484 1.101866 0.000000 1.139839 1.139839 1.000000 -0.922220 1.000000
4 1600.000000 8569 0.221800 1455 1.108841 0.000000 1.138525 1.138525 1.000000 -0.787877 1.000000
4 1680.000000 10 0.237900 1507 1.113633 0.000000 1.147487 1.147487 1.000000 -0.738634 1.000000
4 1680.000000 8569 0.227200 1483 1.109731 0.000000 1.148033 1.148033 1.000000 -0.797870 1.000000
4 1760.000000 10 0.249500 1551 1.109260 0.000000 1.141106 1.141106 1.000000 -0.782049 1.000000
4 1760.000000 8569 0.239500 1543 1.106377 0.000000 1.142406 1.142406 1.000000 -0.913577 1.000000
4 1840.000000 10 0.258100 1607 1.114571 0.000000 1.152581 1.152581 1.000000 -0.787498 1.000000
4 1840.000000 8569 0.251200 1604 1.110176 0.000000 1.142228 1.142228 1.000000 -0.964703 1.000000
4 1920.000000 10 0.270200 1640 1.117566 0.000000 1.154015 1.154015 1.000000 -0.936706 1.000000
4 1920.000000 8569 0.257500 1635 1.108418 0.000000 1.145859 1.145859 1.000000 -0.727271 1.000000
4 2000.000000 10 0.277300 1664 1.113463 0.000000 1.147779 1.147779 1.000000 -0.797466 1.000000
4 2000.000000 8569 0.273000 1678 1.120083 0.000000 1.155708 1.155708 1.000000 -1.025638 1.000000
4 2080.000000 10 0.282400 1716 1.111901 0.000000 1.150920 1.150920 1.000000 -0.866664 1.000000
4 2080.000000 8569 0.284000 1699 1.115223 0.000000 1.148743 1.148743 1.000000 -0.860463 1.000000
4 2160.000000 10 0.298500 1743 1.110478 0.000000 1.148824 1.148824 1.000000 -0.883114 1.000000
4 2160.000000 8569 0.290800 1733 1.114354 0.000000 1.151720 1.151720 1.000000 -0.641303 1.000000
4 2240.000000 10 0.304900 1780 1.115523 0.000000 1.155517 1.155517 1.000000 -0.819275 1.000000
4 2240.000000 8569 0.300600 1767 1.109379 0.000000 1.149700 1.149700 1.000000 -0.734938 1.000000
4 2320.000000 10 0.316300 1818 1.117742 0.000000 1.150651 1.150651 1.000000 -1.014282 1.000000
4 2320.000000 8569 0.309000 1799 1.113025 0.000000 1.146310 1.146310 1.000000 -0.789471 1.000000
4 2400.000000 10 0.322100 1832 1.116536 0.000000 1.150022 1.150022 1.000000 -0.999997 1.000000
4 2400.000000 8569 0.315100 1837 1.114323 0.000000 1.154329 1.154329 1.000000 -0.999997 1.000000
4 2480.000000 10 0.330300 1859 1.112588 0.000000 1.148425 1.148425 1.000000 -0.918916 1.000000
4 2480.000000 8569 0.321500 1865 1.113928 0.000000 1.150184 1.150184 1.000000 -0.847219 1.000000
4 2560.000000 10 0.341800 1934 1.116074 0.000000 1.154057 1.154057 1.000000 -0.970585 1.000000
4 2560.000000 8569 0.331500 1876 1.110247 0.000000 1.151085 1.151085 1.000000 -0.973681 1.000000
4 2640.000000 10 0.341500 1924 1.117388 0.000000 1.151253 1.151253 1.000000 -0.749998 1.000000
4 2640.000000 8569 0.336300 1907 1.112099 0.000000 1.154136 1.154136 1.000000 -0.805553 1.000000
4 2720.000000 10 0.354300 1916 1.111972 0.000000 1.148521 1.148521 1.000000 -0.953843 1.000000
4 2720.000000 8569 0.341400 1925 1.105831 0.000000 1.143183 1.143183 1.000000 -0.930553 1.000000
4 2800.000000 10 0.358200 1988 1.111873 0.000000 1.150826 1.150826 1.000000 -0.739724 1.000000
4 2800.000000 8569 0.352900 1983 1.110184 0.000000 1.144800 1.144800 1.000000 -0.869562 1.000000
4 2880.000000 10 0.368900 2042 1.118999 0.000000 1.153066 1.153066 1.000000 -0.873237 1.000000
4 2880.000000 8569 0.354900 2004 1.102155 0.000000 1.139978 1.139978 1.000000 -0.618419 1.000000
4 2960.000000 10 0.370900 2004 1.105707 0.000000 1.143379 1.143379 1.000000 -0.910445 1.000000
4 2960.000000 8569 0.363800 2033 1.106885 0.000000 1.144137 1.144137 1.000000 -0.662498 1.000000
4 3040.000000 10 0.375400 2066 1.107429 0.000000 1.146974 1.146974 1.000000 -0.851349 1.000000
4 3040.000000 8569 0.373500 2071 1.104709 0.000000 1.141421 1.141421 1.000000 -0.772150 1.000000
4 3120.000000 10 0.386300 2044 1.102656 0.000000 1.138015 1.138015 1.000000 -0.852456 1.000000
4 3120.000000 8569 0.373500 2063 1.107422 0.000000 1.142219 1.142219 1.000000 -0.871426 1.000000
4 3200.000000 10 0.389800 2081 1.103573 0.000000 1.144871 1.144871 1.000000 -1.079361 1.000000
4 3200.000000 8569 0.384200 2082 1.106528 0.000000 1.145339 1.145339 1.000000 -0.824322 1.000000
4 3280.000000 10 0.399500 2122 1.115071 0.000000 1.151041 1.151041 1.000000 -1.046872 1.000000
4 3280.000000 8569 0.387400 2103 1.101045 0.000000 1.137447 1.137447 1.000000 -0.955221 1.000000
4 3360.000000 10 0.402700 2148 1.109828 0.000000 1.145990 1.145990 1.000000 -0.757141 1.000000
4 3360.000000 8569 0.396800 2126 1.093999 0.000000 1.131466 1.131466 1.000000 -0.799998 1.000000
4 3440.000000 10 0.409300 2137 1.099543 0.000000 1.134078 1.134078 1.000000 -1.120686 1.000000
4 3440.000000 8569 0.402400 2150 1.096888 0.000000 1.140562 1.140562 1.000000 -0.701490 1.000000
4 3520.000000 10 0.413900 2165 1.106637 0.000000 1.139737 1.139737 1.000000 -0.723682 1.000000
4 3520.000000 8569 0.404100 2139 1.100017 0.000000 1.133076 1.133076 1.000000 -0.793648 1.000000
4 3600.000000 10 0.417200 2169 1.104839 0.000000 1.139671 1.139671 1.000000 -0.932200 1.000000
4 3600.000000 8569 0.408700 2164 1.096736 0.000000 1.136141 1.136141 1.000000 -0.626665 1.000000
4 3680.000000 10 0.419000 2196 1.106540 0.000000 1.139243 1.139243 1.000000 -0.916663 1.000000
4 3680.000000 8569 0.410300 2199 1.100560 0.000000 1.133288 1.133288 1.000000 -0.885243 1.000000
4 3760.000000 10 0.418400 2210 1.100928 0.000000 1.136864 1.136864 1.000000 -0.783331 1.000000
4 3760.000000 8569 0.421500 2191 1.100432 0.000000 1.133794 1.133794 1.000000 -0.648647 1.000000
4 3840.000000 10 0.427800 2214 1.102587 0.000000 1.138413 1.138413 1.000000 -0.868850 1.000000
4 3840.000000 8569 0.425700 2231 1.095246 0.000000 1.127111 1.127111 1.000000 -0.822578 1.000000
4 3920.000000 10 0.434400 2229 1.096535 0.000000 1.136669 1.136669 1.000000 -0.796607 1.000000
4 3920.000000 8569 0.427300 2236 1.097782 0.000000 1.126593 1.126593 1.000000 -0.647057 1.000000
4 4000.000000 10 0.443400 2220 1.095940 0.000000 1.130614 1.130614 1.000000 -0.927269 1.000000
4 4000.000000 8569 0.431000 2259 1.096837 0.000000 1.124956 1.124956 1.000000 -0.642855 1.000000
7 140.000000 10 0.000000 176 1.000000 0.000000 1.000000 1.000000 1.000000 -0.104742 1.000000
7 140.000000 8569 0.000000 182 1.000000 0.000000 1.000000 1.000000 1.000000 -0.074022 1.000000
7 280.000000 10 0.000000 328 1.000000 0.000000 1.000000 1.000000 1.000000 -0.079235 1.000000
7 280.000000 8569 0.000000 336 1.000000 0.000000 1.000000 1.000000 1.000000 -0.055605 1.000000
7 420.000000 10 0.000000 470 1.000000 0.000000 1.000000 1.000000 1.000000 -0.119867 1.000000
7 420.000000 8569 0.000000 468 1.000000 0.000000 1.000000 1.000000 1.000000 -0.035126 1.000000
7 560.000000 10 0.000000 629 1.000000 0.000000 1.000000 1.000000 1.000000 -0.189258 1.000000
7 560.000000 8569 0.000000 606 1.000000 0.000000 1.000000 1.000000 1.000000 -0.216898 1.000000
7 700.000000 10 0.000000 773 1.000000 0.000000 1.000000 1.000000 1.000000 -0.246223 1.000000
7 700.000000 8569 0.000000 758 1.000000 0.000000 1.000000 1.000000 1.000000 -0.223101 1.000000
7 840.000000 10 0.000000 914 1.000700 0.000000 1.000700 1.000700 1.000000 -0.242958 1.000000
7 840.000000 8569 0.000000 900 1.000000 0.000000 1.000000 1.000000 1.000000 -0.207477 1.000000
7 980.000000 10 0.001200 1091 1.011814 0.000000 1.013216 1.013216 1.000000 -0.221239 1.000000
7 980.000000 8569 0.001700 1064 1.008214 0.000000 1.009416 1.009416 1.000000 -0.251716 1.000000
7 1120.000000 10 0.007800 1256 1.029933 0.000000 1.033360 1.033360 1.000000 -0.303571 1.000000
7 1120.000000 8569 0.008100 1203 1.025809 0.000000 1.029943 1.029943 1.000000 -0.218894 1.000000
7 1260.000000 10 0.020300 1425 1.050832 0.000000 1.057364 1.057364 1.000000 -0.216019 1.000000
7 1260.000000 8569 0.020800 1361 1.045343 0.000000 1.051573 1.051573 1.000000 -0.211443 1.000000
7 1400.000000 10 0.037800 1548 1.063500 0.000000 1.072750 1.072750 1.000000 -0.244623 1.000000
7 1400.000000 8569 0.037800 1535 1.060902 0.000000 1.070567 1.070567 1.000000 -0.193182 1.000000
7 1540.000000 10 0.052600 1693 1.072936 0.000000 1.086130 1.086130 1.000000 -0.252279 1.000000
7 1540.000000 8569 0.054400 1630 1.071806 0.000000 1.082593 1.082593 1.000000 -0.252717 1.000000
7 1680.000000 10 0.072200 1775 1.087411 0.000000 1.098405 1.098405 1.000000 -0.220000 1.000000
7 1680.000000 8569 0.075300 1754 1.080242 0.000000 1.092895 1.092895 1.000000 -0.196078 1.000000
7 1820.000000 10 0.090000 1886 1.085055 0.000000 1.100220 1.100220 1.000000 -0.261017 1.000000
7 1820.000000 8569 0.087400 1847 1.087771 0.000000 1.102016 1.102016 1.000000 -0.238562 1.000000
7 1960.000000 10 0.106300 1981 1.089292 0.000000 1.102719 1.102719 1.000000 -0.240550 1.000000
7 1960.000000 8569 0.104500 1943 1.090564 0.000000 1.105081 1.105081 1.000000 -0.269896 1.000000
7 2100.000000 10 0.122100 2091 1.098075 0.000000 1.112200 1.112200 1.000000 -0.237762 1.000000
7 2100.000000 8569 0.122400 2077 1.095830 0.000000 1.110301 1.110301 1.000000 -0.238596 1.000000
7 2240.000000 10 0.136500 2204 1.100290 0.000000 1.116155 1.116155 1.000000 -0.280303 1.000000
7 2240.000000 8569 0.131500 2132 1.096834 0.000000 1.112838 1.112838 1.000000 -0.243902 1.000000
7 2380.000000 10 0.150200 2268 1.104495 0.000000 1.121558 1.121558 1.000000 -0.234432 1.000000
7 2380.000000 8569 0.146000 2236 1.101874 0.000000 1.118735 1.118735 1.000000 -0.307407 1.000000
7 2520.000000 10 0.164300 2373 1.104703 0.000000 1.122891 1.122891 1.000000 -0.253012 1.000000
7 2520.000000 8569 0.161500 2296 1.101014 0.000000 1.117591 1.117591 1.000000 -0.212355 1.000000
7 2660.000000 10 0.175100 2421 1.102073 0.000000 1.117348 1.117348 1.000000 -0.296992 1.000000
7 2660.000000 8569 0.173600 2371 1.103098 0.000000 1.117740 1.117740 1.000000 -0.255230 1.000000
7 2800.000000 10 0.184300 2488 1.105554 0.000000 1.121123 1.121123 1.000000 -0.299578 1.000000
7 2800.000000 8569 0.184400 2477 1.102011 0.000000 1.119789 1.119789 1.000000 -0.291845 1.000000
7 2940.000000 10 0.198100 2538 1.103130 0.000000 1.116473 1.116473 1.000000 -0.245762 1.000000
7 2940.000000 8569 0.200000 2483 1.099875 0.000000 1.116125 1.116125 1.000000 -0.296748 1.000000
7 3080.000000 10 0.207900 2653 1.108951 0.000000 1.127509 1.127509 1.000000 -0.267716 1.000000
7 3080.000000 8569 0.208200 2575 1.093711 0.000000 1.109245 1.109245 1.000000 -0.258196 1.000000
7 3220.000000 10 0.219200 2688 1.107454 0.000000 1.124744 1.124744 1.000000 -0.366834 1.000000
7 3220.000000 8569 0.216400 2630 1.100689 0.000000 1.116258 1.116258 1.000000 -0.173913 1.000000
7 3360.000000 10 0.231800 2750 1.107394 0.000000 1.123666 1.123666 1.000000 -0.304932 1.000000
7 3360.000000 8569 0.225700 2693 1.098024 0.000000 1.114297 1.114297 1.000000 -0.246636 1.000000
7 3500.000000 10 0.238700 2794 1.102850 0.000000 1.119401 1.119401 1.000000 -0.391509 1.000000
7 3500.000000 8569 0.237500 2749 1.092590 0.000000 1.112393 1.112393 1.000000 -0.288990 1.000000
7 3640.000000 10 0.248800 2833 1.103035 0.000000 1.119941 1.119941 1.000000 -0.291079 1.000000
7 3640.000000 8569 0.242500 2791 1.103102 0.000000 1.119736 1.119736 1.000000 -0.281250 1.000000
7 3780.000000 10 0.257100 2907 1.107148 0.000000 1.126666 1.126666 1.000000 -0.334883 1.000000
7 3780.000000 8569 0.257100 2865 1.106475 0.000000 1.122897 1.122897 1.000000 -0.251231 1.000000
7 3920.000000 10 0.266900 2914 1.109535 0.000000 1.127404 1.127404 1.000000 -0.307692 1.000000
7 3920.000000 8569 0.262900 2904 1.103242 0.000000 1.121150 1.121150 1.000000 -0.291457 1.000000
7 4060.000000 10 0.275100 2947 1.103738 0.000000 1.122224 1.122224 1.000000 -0.353535 1.000000
7 4060.000000 8569 0.268100 2955 1.100833 0.000000 1.118869 1.118869 1.000000 -0.305164 1.000000
7 4200.000000 10 0.277000 2970 1.107054 0.000000 1.122545 1.122545 1.000000 -0.306930 1.000000
7 4200.000000 8569 0.273200 3003 1.098652 0.000000 1.116263 1.116263 1.000000 -0.261083 1.000000
7 4340.000000 10 0.286700 2989 1.098135 0.000000 1.114398 1.114398 1.000000 -0.306878 1.000000
7 4340.000000 8569 0.280800 3032 1.104561 0.000000 1.120829 1.120829 1.000000 -0.270936 1.000000
7 4480.000000 10 0.291200 3075 1.102991 0.000000 1.122037 1.122037 1.000000 -0.261261 1.000000
7 4480.000000 8569 0.294500 3035 1.094543 0.000000 1.111552 1.111552 1.000000 -0.361581 1.000000
7 4620.000000 10 0.308400 3070 1.103094 0.000000 1.121313 1.121313 1.000000 -0.274111 1.000000
7 4620.000000 8569 0.302300 3074 1.103340 0.000000 1.121542 1.121542 1.000000 -0.265193 1.000000
7 4760.000000 10 0.306800 3111 1.102279 0.000000 1.120744 1.120744 1.000000 -0.294117 1.000000
7 4760.000000 8569 0.305400 3138 1.097754 0.000000 1.115174 1.115174 1.000000 -0.322580 1.000000
7 4900.000000 10 0.315200 3124 1.096525 0.000000 1.114924 1.114924 1.000000 -0.325000 1.000000
7 4900.000000 8569 0.309800 3148 1.098377 0.000000 1.117502 1.117502 1.000000 -0.321839 1.000000
7 5040.000000 10 0.320700 3168 1.098631 0.000000 1.117179 1.117179 1.000000 -0.174129 1.000000
7 5040.000000 8569 0.317700 3231 1.104206 0.000000 1.122966 1.122966 1.000000 -0.271676 1.000000
7 5180.000000 10 0.330200 3205 1.101374 0.000000 1.118841 1.118841 1.000000 -0.224599 1.000000
7 5180.000000 8569 0.324700 3229 1.094032 0.000000 1.111654 1.111654 1.000000 -0.326530 1.000000
7 5320.000000 10 0.335800 3198 1.100120 0.000000 1.115327 1.115327 1.000000 -0.346368 1.000000
7 5320.000000 8569 0.334200 3265 1.101832 0.000000 1.116101 1.116101 1.000000 -0.213592 1.000000
7 5460.000000 10 0.341000 3257 1.096662 0.000000 1.118361 1.118361 1.000000 -0.287179 1.000000
7 5460.000000 8569 0.335900 3260 1.095468 0.000000 1.109471 1.109471 1.000000 -0.234694 1.000000
7 5600.000000 10 0.345000 3295 1.098931 0.000000 1.115420 1.115420 1.000000 -0.263441 1.000000
7 5600.000000 8569 0.341800 3270 1.093133 0.000000 1.109541 1.109541 1.000000 -0.186813 1.000000
7 5740.000000 10 0.347100 3311 1.094501 0.000000 1.112115 1.112115 1.000000 -0.231579 1.000000
7 5740.000000 8569 0.344800 3293 1.094933 0.000000 1.110348 1.110348 1.000000 -0.216495 1.000000
7 5880.000000 10 0.354100 3326 1.098777 0.000000 1.113175 1.113175 1.000000 -0.228723 1.000000
7 5880.000000 8569 0.354900 3327 1.093939 0.000000 1.110060 1.110060 1.000000 -0.224043 1.000000
7 6020.000000 10 0.362400 3334 1.099279 0.000000 1.117315 1.117315 1.000000 -0.308139 1.000000
7 6020.000000 8569 0.358900 3321 1.093901 0.000000 1.109499 1.109499 1.000000 -0.266666 1.000000
7 6160.000000 10 0.363100 3350 1.090909 0.000000 1.109436 1.109436 1.000000 -0.279570 1.000000
7 6160.000000 8569 0.360400 3372 1.089744 0.000000 1.104440 1.104440 1.000000 -0.268571 1.000000
7 6300.000000 10 0.368400 3355 1.092622 0.000000 1.106713 1.106713 1.000000 -0.220513 1.000000
7 6300.000000 8569 0.367800 3360 1.090794 0.000000 1.106137 1.106137 1.000000 -0.188889 1.000000
7 6440.000000 10 0.370600 3347 1.083889 0.000000 1.103114 1.103114 1.000000 -0.275862 1.000000
7 6440.000000 8569 0.374900 3362 1.087506 0.000000 1.103663 1.103663 1.000000 -0.189944 1.000000
7 6580.000000 10 0.380400 3371 1.087476 0.000000 1.103454 1.103454 1.000000 -0.240437 1.000000
7 6580.000000 8569 0.375300 3385 1.089803 0.000000 1.106771 1.106771 1.000000 -0.191489 1.000000
7 6720.000000 10 0.379500 3373 1.083965 0.000000 1.101531 1.101531 1.000000 -0.222857 1.000000
7 6720.000000 8569 0.380000 3379 1.092419 0.000000 1.107419 1.107419 1.000000 -0.227777 1.000000
7 6860.000000 10 0.386700 3407 1.090005 0.000000 1.105006 1.105006 1.000000 -0.284153 1.000000
7 6860.000000 8569 0.388700 3415 1.089809 0.000000 1.106004 1.106004 1.000000 -0.183908 1.000000
7 7000.000000 10 0.388400 3428 1.083061 0.000000 1.102845 1.102845 1.000000 -0.206896 1.000000
7 7000.000000 8569 0.393100 3426 1.084693 0.000000 1.099028 1.099028 1.000000 -0.247191 1.000000
