1 1000.000000 40 1.000000 0 nan nan nan nan nan nan nan
1 1000.000000 40 0.999900 1 1.000000 1.495159 1.000000 1.000000 -inf 1.000000 -1.760000
1 1000.000000 40 0.999900 1 1.000000 1.495159 1.000000 1.000000 -inf 1.000000 -1.760000
1 1000.000000 40 0.999000 1 1.000000 1.495159 1.000000 1.000000 -inf 1.000000 -1.760000
1 1000.000000 40 0.999000 1 1.000000 1.495159 1.000000 1.000000 -inf 1.000000 -1.760000
1 1000.000000 40 0.999000 1 1.000000 1.495159 1.000000 1.000000 -inf 1.000000 -1.760000
1 1000.000000 40 0.999000 1 1.000000 1.495159 1.000000 1.000000 -inf 1.000000 -1.760000
1 1000.000000 40 0.999000 1 1.000000 1.495159 1.000000 1.000000 -inf 1.000000 -1.760000
1 1000.000000 40 0.999000 1 1.000000 1.495159 1.000000 1.000000 -inf 1.000000 -1.760000
1 1000.000000 40 0.998000 2 1.000000 0.796785 1.000000 1.000000 -inf 1.000000 -1.080000
1 1000.000000 40 0.998000 2 1.000000 0.796785 1.000000 1.000000 -inf 1.000000 -1.080000
1 1000.000000 40 0.998000 2 1.000000 0.796785 1.000000 1.000000 -inf 1.000000 -1.080000
1 1000.000000 40 0.998000 2 1.000000 0.796785 1.000000 1.000000 -inf 1.000000 -1.080000
1 1000.000000 40 0.998000 2 1.000000 0.796785 1.000000 1.000000 -inf 1.000000 -1.080000
1 1000.000000 40 0.998000 2 1.000000 0.796785 1.000000 1.000000 -inf 1.000000 -1.080000
1 1000.000000 40 0.998000 2 1.000000 0.796785 1.000000 1.000000 -inf 1.000000 -1.080000
1 1000.000000 40 0.998000 2 1.000000 0.796785 1.000000 1.000000 -inf 1.000000 -1.080000
1 1000.000000 40 0.998000 2 1.000000 0.796785 1.000000 1.000000 -inf 1.000000 -2.120000
1 1000.000000 40 0.998000 2 1.000000 0.796785 1.000000 1.000000 -inf 1.000000 -2.120000
1 1000.000000 40 0.998000 2 1.000000 0.796785 1.000000 1.000000 -inf 1.000000 -2.120000
1 1000.000000 40 0.998000 2 1.000000 0.796785 1.000000 1.000000 -inf 1.000000 -2.120000
1 1000.000000 40 0.999000 1 1.000000 1.495159 1.000000 1.000000 -inf 1.000000 -4.520000
1 1000.000000 40 0.999000 1 1.000000 1.495159 1.000000 1.000000 -inf 1.000000 -4.520000
1 1000.000000 40 0.999000 1 1.000000 1.495159 1.000000 1.000000 -inf 1.000000 -4.520000
1 1000.000000 40 0.997000 3 1.000000 0.624575 1.000000 1.000000 -inf 1.000000 -3.773333
1 1000.000000 40 0.997000 3 1.000000 0.624575 1.000000 1.000000 -inf 1.000000 -3.773333
1 1000.000000 40 0.997000 3 1.000000 0.624575 1.000000 1.000000 -inf 1.000000 -3.773333
1 1000.000000 40 0.997000 3 1.000000 0.624575 1.000000 1.000000 -inf 1.000000 -3.773333
1 1000.000000 40 0.997000 3 1.000000 0.624575 1.000000 1.000000 -inf 1.000000 -3.773333
1 1000.000000 40 0.997000 3 1.000000 0.624575 1.000000 1.000000 -inf 1.000000 -3.773333
1 1000.000000 40 0.997000 3 1.000000 0.624575 1.000000 1.000000 -inf 1.000000 -3.773333
1 1000.000000 40 0.997000 3 1.000000 0.624575 1.000000 1.000000 -inf 1.000000 -3.773333
1 1000.000000 40 0.997000 3 1.000000 0.624575 1.000000 1.000000 -inf 1.000000 -3.773333
1 1000.000000 40 0.999000 1 1.000000 1.495159 1.000000 1.000000 -inf 1.000000 -4.520000
1 1000.000000 40 0.999000 1 1.000000 1.495159 1.000000 1.000000 -inf 1.000000 -4.520000
1 1000.000000 40 0.999000 1 1.000000 1.495159 1.000000 1.000000 -inf 1.000000 -4.520000
1 1000.000000 40 0.998000 2 1.000000 0.810483 1.000000 1.000000 -inf 1.000000 -3.120000
1 1000.000000 40 0.998000 2 1.000000 0.810483 1.000000 1.000000 -inf 1.000000 -3.120000
1 1000.000000 40 0.998000 2 1.000000 0.810483 1.000000 1.000000 -inf 1.000000 -3.120000
1 1000.000000 40 0.998000 2 1.000000 0.810483 1.000000 1.000000 -inf 1.000000 -3.120000
1 1000.000000 40 0.998000 2 1.000000 0.810483 1.000000 1.000000 -inf 1.000000 -3.120000
1 1000.000000 40 0.998000 2 1.000000 0.810483 1.000000 1.000000 -inf 1.000000 -3.120000
1 1000.000000 40 0.997000 3 1.000000 0.624575 1.000000 1.000000 -inf 1.000000 -3.773333
1 1000.000000 40 0.997000 3 1.000000 0.624575 1.000000 1.000000 -inf 1.000000 -3.773333
1 1000.000000 40 0.997000 3 1.000000 0.624575 1.000000 1.000000 -inf 1.000000 -3.773333
1 1000.000000 40 0.999000 1 1.000000 1.495159 1.000000 1.000000 -inf 1.000000 -4.520000
1 1000.000000 40 0.999000 1 1.000000 1.495159 1.000000 1.000000 -inf 1.000000 -4.520000
1 1000.000000 40 0.358000 417 1.000000 0.943237 1.088785 1.088785 -inf 1.000000 -5.168937
1 1000.000000 40 0.358000 417 1.000000 0.943237 1.088785 1.088785 0.999796 0.000033 0.999796
1 1000.000000 40 0.382000 409 1.000000 0.944999 1.126214 1.126214 -4375.080000 0.998630 -4.994630
1 1000.000000 40 0.382000 409 1.000000 0.944999 1.126214 1.126214 -4375.080000 0.998630 -4.994630
1 1000.000000 40 0.382000 409 1.000000 0.944999 1.126214 1.126214 -4375.080000 0.998630 -4.994630
1 1000.000000 40 0.382000 409 1.000000 0.944999 1.126214 1.126214 -4375.080000 0.998630 -4.994630
1 1000.000000 40 0.382000 409 1.000000 0.944999 1.126214 1.126214 -4375.080000 0.998630 -4.994630
1 1000.000000 40 0.382000 409 1.000000 0.944999 1.126214 1.126214 -4375.080000 0.998630 -4.994630
1 1000.000000 40 0.382000 409 1.000000 0.944999 1.126214 1.126214 -4375.080000 0.998630 -4.994630
1 1000.000000 40 0.382000 409 1.000000 0.944999 1.126214 1.126214 -4375.080000 0.998630 -4.994630
1 1000.000000 40 0.380000 415 1.000000 0.943660 1.133871 1.133871 -4355.640000 0.998647 -4.895318
1 1000.000000 40 0.380000 415 1.000000 0.943660 1.133871 1.133871 -4355.640000 0.998647 -4.895318
1 1000.000000 40 0.370000 407 1.000000 0.953405 1.107937 1.107937 -4507.240000 0.998636 -5.150396
1 1000.000000 40 0.370000 407 1.000000 0.953405 1.107937 1.107937 -4507.240000 0.998636 -5.150396
1 1000.000000 40 0.370000 407 1.000000 0.953405 1.107937 1.107937 0.865071 0.021439 0.867964
1 1000.000000 40 0.365000 413 1.000000 0.949276 1.114961 1.114961 0.866489 0.021816 0.869402
1 1000.000000 40 0.365000 413 1.000000 0.949276 1.114961 1.114961 0.866633 0.021793 0.869540
1 1000.000000 40 0.365000 413 1.000000 0.949276 1.114961 1.114961 0.866545 0.021807 0.869455
1 10.000000 40 0.000000 22 1.000000 0.941710 1.000000 1.000000 0.767753 0.029760 0.774664
1 1000.000000 40 0.365000 413 1.000000 0.949276 1.114961 1.114961 0.866813 0.021764 0.869711
1 1000.000000 40 0.365000 413 1.000000 0.949276 1.114961 1.114961 0.866789 0.021768 0.869689
1 1000.000000 40 0.365000 413 1.000000 0.949276 1.114961 1.114961 0.866509 0.021813 0.869421
1 1000.000000 40 0.365000 413 1.000000 0.949276 1.114961 1.114961 0.866733 0.021777 0.869635
1 1000.000000 40 0.365000 413 1.000000 0.949276 1.114961 1.114961 0.866721 0.021779 0.869624
1 1000.000000 40 0.365000 413 1.000000 0.949276 1.114961 1.114961 0.866481 0.021817 0.869394
1 1000.000000 40 0.365000 413 1.000000 0.949276 1.114961 1.114961 0.999797 0.000034 0.999797
1 1000.000000 40 0.365000 413 1.000000 0.949276 1.114961 1.114961 0.999797 0.000034 0.999797
1 1000.000000 40 0.365000 413 1.000000 0.949276 1.114961 1.114961 0.999797 0.000034 0.999797
1 1000.000000 40 0.365000 413 1.000000 0.949276 1.114961 1.114961 0.999797 0.000034 0.999797
1 1000.000000 40 0.365000 413 1.000000 0.949276 1.114961 1.114961 0.999797 0.000034 0.999797
1 1000.000000 40 0.365000 413 1.000000 0.949276 1.114961 1.114961 0.999797 0.000034 0.999797
1 1000.000000 40 0.365000 413 1.000000 0.949276 1.114961 1.114961 0.999797 0.000034 0.999797
1 1000.000000 40 0.365000 413 1.000000 0.949276 1.114961 1.114961 0.999797 0.000034 0.999797
1 1000.000000 40 0.365000 413 1.000000 0.949276 1.114961 1.114961 0.999797 0.000034 0.999797
1 1000.000000 40 0.365000 413 1.000000 0.949276 1.114961 1.114961 0.866865 0.021756 0.869761
1 1000.000000 40 0.365000 413 1.000000 0.949276 1.114961 1.114961 0.933390 0.021540 0.934825
1 1000.000000 40 0.365000 413 1.000000 0.949276 1.114961 1.114961 0.933351 0.021552 0.934787
1 1000.000000 40 0.365000 413 1.000000 0.949276 1.114961 1.114961 0.933331 0.021559 0.934768
1 1000.000000 40 0.365000 413 1.000000 0.949276 1.114961 1.114961 0.933402 0.021536 0.934837
1 1000.000000 40 0.365000 413 1.000000 0.949276 1.114961 1.114961 0.933434 0.021526 0.934867
1 1000.000000 40 0.365000 413 1.000000 0.949276 1.114961 1.114961 0.933281 0.021574 0.934720
1 1000.000000 40 0.365000 413 1.000000 0.949276 1.114961 1.114961 0.999900 0.000033 0.999900
1 1000.000000 40 0.365000 413 1.000000 0.949276 1.114961 1.114961 0.999900 0.000033 0.999900
1 1000.000000 40 0.365000 413 1.000000 0.000000 1.114961 1.114961 0.999900 0.000033 0.999900
1 1000.000000 40 0.365000 413 1.000000 0.000000 1.114961 1.114961 0.999900 0.000033 0.999900
1 1000.000000 40 0.365000 413 1.000000 0.000000 1.114961 1.114961 0.999900 0.000033 0.999900
1 1000.000000 40 0.365000 413 1.000000 0.000000 1.114961 1.114961 0.999900 0.000033 0.999900
1 1000.000000 40 0.365000 413 1.000000 0.000000 1.114961 1.114961 0.322686 0.182904 0.446570
1 1000.000000 40 0.365000 413 1.000000 0.000000 1.114961 1.114961 0.322686 0.182904 0.446570
2 1000.000000 40 0.130000 601 1.068966 0.000000 1.133333 1.133333 0.290050 0.166969 0.408590
2 1000.000000 40 0.130000 601 1.068966 0.000000 1.133333 1.133333 0.290050 0.166969 0.408590
2 2000.000000 40 0.223000 639 1.025740 0.000000 1.073359 1.073359 0.295717 0.168416 0.414329
2 2000.000000 40 0.223000 639 1.025740 0.000000 1.073359 1.073359 0.295717 0.168416 0.414329
2 2000.000000 40 0.223000 639 1.025740 0.000000 1.073359 1.073359 0.295717 0.168416 0.414329
2 2000.000000 40 0.223000 639 1.025740 0.000000 1.073359 1.073359 0.295717 0.168416 0.414329
2 2000.000000 40 0.223000 639 1.025740 0.000000 1.073359 1.073359 0.295717 0.168416 0.414329
2 2000.000000 40 0.223000 639 1.025740 0.000000 1.073359 1.073359 0.295717 0.168416 0.414329
7 2000.000000 40 0.000000 787 1.000000 0.000000 1.000000 1.000000 0.261035 0.149150 0.371252
4 2000.000000 40 0.013000 799 1.016211 0.000000 1.025329 1.025329 0.265638 0.151994 0.377257
2 2000.000000 40 0.223000 639 1.025740 0.000000 1.073359 1.073359 0.295717 0.168416 0.414329
4 2000.000000 40 0.013000 799 1.016211 0.000000 1.025329 1.025329 0.265638 0.151994 0.377257
4 2000.000000 40 0.013000 799 1.016211 0.000000 1.025329 1.025329 0.265638 0.151994 0.377257
4 2000.000000 40 0.221600 1766 1.170092 0.000000 1.236639 1.236639 0.316040 0.181516 0.440190
4 2000.000000 40 0.221600 1766 1.170092 0.000000 1.236639 1.236639 0.316040 0.181516 0.440190
4 2000.000000 40 0.221600 1766 1.170092 0.000000 1.236639 1.236639 0.316040 0.181516 0.440190
1 2000.000000 40 0.610400 800 1.000000 0.000000 1.179671 1.179671 0.381567 0.210939 0.512018
1 2000.000000 40 0.610400 800 1.000000 0.000000 1.179671 1.179671 0.381567 0.210939 0.512018
1 2000.000000 40 0.610400 800 1.000000 0.000000 1.179671 1.179671 0.381567 0.210939 0.512018
1 2000.000000 40 0.610400 800 1.000000 0.000000 1.179671 1.179671 0.381567 0.210939 0.512018
1 2000.000000 40 0.610400 800 1.000000 0.000000 1.179671 1.179671 0.381567 0.210939 0.512018
1 2000.000000 40 0.610400 800 1.000000 0.000000 1.179671 1.179671 0.381567 0.210939 0.512018
1 2000.000000 40 0.610400 800 1.000000 0.000000 1.179671 1.179671 0.381567 0.210939 0.512018
1 2000.000000 40 0.610400 800 1.000000 0.000000 1.179671 1.179671 0.381567 0.210939 0.512018
1 2000.000000 40 0.610400 800 1.000000 0.000000 1.179671 1.179671 0.381567 0.210939 0.512018
1 2000.000000 40 0.610400 800 1.000000 0.000000 1.179671 1.179671 0.381567 0.210939 0.512018
1 2000.000000 40 0.458000 439 1.000000 0.000000 1.079336 1.079336 0.331184 0.185357 0.455154
1 1000.000000 40 0.365000 413 1.000000 0.000000 1.114961 1.114961 0.322686 0.182904 0.446570
1 1000.000000 40 0.365000 413 1.000000 0.000000 1.114961 1.114961 0.322686 0.182904 0.446570
1 1000.000000 40 0.520360 710 1.000000 0.000000 1.334897 1.334897 0.388167 0.217580 0.521290
1 10.000000 40 0.000000 25 1.000000 0.000000 1.000000 1.000000 0.255739 0.146301 0.364625
1 100.000000 40 0.001510 174 1.000000 0.000000 1.045879 1.045879 0.264504 0.151696 0.376075
1 50.000000 40 0.000000 80 1.000000 0.000000 1.000680 1.000680 0.260879 0.148855 0.370901
1 1000.000000 40 0.504800 665 1.000000 0.000000 1.281099 1.281099 0.376449 0.211138 0.508104
1 1000.000000 40 0.504800 665 1.000000 0.000000 1.281099 1.281099 0.376449 0.211138 0.508104
1 1000.000000 40 0.424400 1157 1.000000 0.000000 1.963864 1.963864 0.470162 0.215329 0.584251
1 1000.000000 40 0.000000 271 1.000000 0.000000 2.760000 2.760000 0.581538 0.143228 0.641474
1 1000.000000 40 0.000000 271 1.000000 0.000000 2.760000 2.760000 0.581538 0.143228 0.641474
1 1000.000000 40 0.000000 98 1.000000 0.000000 1.000000 1.000000 0.288486 0.162931 0.404414
1 1000.000000 40 0.280000 841 1.000000 0.000000 2.070833 2.070833 0.477833 0.177800 0.570675
1 1000.000000 40 0.360000 423 1.000000 0.000000 1.132812 1.132812 0.327938 0.185334 0.452494
1 1000.000000 40 0.280000 841 1.000000 0.000000 2.070833 2.070833 0.477833 0.177800 0.570675
1 1000.000000 40 0.360000 423 1.000000 0.000000 1.132812 1.132812 0.327938 0.185334 0.452494
1 1000.000000 40 0.357000 429 1.000000 0.000000 1.125972 1.125972 0.328451 0.183852 0.451916
1 1000.000000 40 0.377000 355 1.000000 0.000000 1.000000 1.000000 0.323832 0.178671 0.444644
1 1000.000000 40 0.280000 841 1.000000 0.000000 2.070833 2.070833 0.477833 0.177800 0.570675
1 1000.000000 40 0.000000 271 1.000000 0.000000 2.760000 2.760000 0.581538 0.143228 0.641474
1 1000.000000 40 0.056667 628 1.000000 0.000000 2.544170 2.544170 0.535914 0.152298 0.606593
1 1000.000000 40 0.258000 309 1.000000 0.000000 1.075472 1.075472 0.303609 0.171750 0.423214
1 1000.000000 40 0.056667 628 1.000000 0.000000 2.544170 2.544170 0.535914 0.152298 0.606593
1 1000.000000 40 0.258000 309 1.000000 0.000000 1.075472 1.075472 0.303609 0.171750 0.423214
1 1000.000000 40 0.260000 295 1.000000 0.000000 1.040541 1.040541 0.300501 0.169295 0.418922
1 1000.000000 40 0.258000 309 1.000000 0.000000 1.075472 1.075472 0.303609 0.171750 0.423214
1 1000.000000 40 0.260000 295 1.000000 0.000000 1.040541 1.040541 0.300501 0.169295 0.418922
1 1000.000000 40 0.258000 298 1.000000 0.000000 1.045822 1.045822 0.300631 0.169432 0.419127
1 1000.000000 40 0.477400 635 1.000000 0.000000 1.211251 1.211251 0.369621 0.206150 0.499573
1 1000.000000 40 0.480400 661 1.000000 0.000000 1.242109 1.242109 0.368318 0.206107 0.498512
1 1000.000000 40 0.472400 594 1.000000 0.000000 1.134572 1.134572 0.361346 0.199840 0.488975
1 1000.000000 40 0.477400 635 1.000000 0.000000 1.211251 1.211251 0.369621 0.206150 0.499573
1 1000.000000 40 0.480200 630 1.000000 0.000000 1.217391 1.217391 0.367362 0.205251 0.497211
1 1000.000000 40 0.480400 661 1.000000 0.000000 1.242109 1.242109 0.368318 0.206107 0.498512
1 1000.000000 40 0.479000 655 1.000000 0.000000 1.239923 1.239923 0.367520 0.205628 0.497576
1 1000.000000 40 0.473200 518 1.000000 0.000000 1.000000 1.000000 0.357447 0.192903 0.481398
1 1000.000000 40 0.472400 594 1.000000 0.000000 1.134572 1.134572 0.361346 0.199840 0.488975
1 1000.000000 40 0.477400 635 1.000000 0.000000 1.211251 1.211251 0.369621 0.206150 0.499573
1 1000.000000 40 0.480200 630 1.000000 0.000000 1.217391 1.217391 0.367362 0.205251 0.497211
1 1000.000000 40 0.508090 539 1.000000 0.000000 1.000000 1.000000 0.368716 0.198064 0.493750
1 1000.000000 40 0.507970 636 1.000000 0.000000 1.170051 1.170051 0.378416 0.208498 0.508015
1 100.000000 40 0.032180 142 1.000000 0.000000 1.000000 1.000000 0.267233 0.151910 0.378547
1 100.000000 40 0.010270 151 1.000000 0.000000 1.037101 1.037101 0.265529 0.151964 0.377142
1 200.000000 40 0.148520 222 1.000000 0.000000 1.000000 1.000000 0.290093 0.162723 0.405611
1 200.000000 40 0.118000 251 1.000000 0.000000 1.132358 1.132358 0.293884 0.168038 0.412538
1 500.000000 40 0.357260 362 1.000000 0.000000 1.000000 1.000000 0.335402 0.183397 0.457287
1 500.000000 40 0.347800 434 1.000000 0.000000 1.167633 1.167633 0.345523 0.193286 0.472024
1 500.000000 40 0.244000 289 1.000000 0.000000 1.000000 1.000000 0.305849 0.170535 0.424226
1 500.000000 40 0.000000 93 1.000000 0.000000 1.000000 1.000000 0.288486 0.162931 0.404414
1 5000.000000 40 0.000000 100 1.000000 0.000000 1.000000 1.000000 0.288486 0.162931 0.404414
1 5000.000000 40 0.020000 192 1.000000 0.000000 1.000000 1.000000 0.271377 0.155143 0.384418
1 5000.000000 40 0.020000 192 1.000000 0.000000 1.000000 1.000000 0.271377 0.155143 0.384418
1 5000.000000 40 0.015000 195 1.000000 0.000000 1.010152 1.010152 0.270905 0.154971 0.383893
1 500.000000 40 0.005000 168 1.000000 0.000000 1.000000 1.000000 0.271185 0.154678 0.383917
1 500.000000 40 0.005000 168 1.000000 0.000000 1.000000 1.000000 0.271185 0.154678 0.383917
1 5000.000000 40 0.015000 195 1.000000 0.000000 1.010152 1.010152 0.270905 0.154971 0.383893
1 5000.000000 40 0.020000 192 1.000000 0.000000 1.000000 1.000000 0.271377 0.155143 0.384418
1 500.000000 40 0.005000 168 1.000000 0.000000 1.000000 1.000000 0.271185 0.154678 0.383917
1 5000.000000 40 0.015000 195 1.000000 0.000000 1.010152 1.010152 0.270905 0.154971 0.383893
1 5000.000000 40 0.015000 195 1.000000 0.000000 1.010152 1.010152 0.270905 0.154971 0.383893
1 5000.000000 40 0.015000 195 1.000000 0.000000 1.010152 1.010152 0.270905 0.154971 0.383893
1 5000.000000 40 0.020000 192 1.000000 0.000000 1.000000 1.000000 0.271377 0.155143 0.384418
1 5000.000000 40 0.780100 1057 1.000000 0.000000 1.000000 1.000000 0.412656 0.217247 0.540255
1 5000.000000 40 0.785050 1250 1.000000 0.000000 1.193999 1.193999 0.412797 0.225977 0.545491
1 5000.000000 40 0.784900 1251 1.000000 0.000000 1.196188 1.196188 0.412542 0.226245 0.545451
1 5000.000000 40 0.784900 1251 1.000000 0.000000 1.196188 1.196188 0.412542 0.226245 0.545451
1 1000.000000 50 0.362000 433 1.000000 0.000000 1.101881 1.101881 0.329708 0.184524 0.453393
1 1000.000000 40 0.360000 423 1.000000 0.000000 1.132812 1.132812 0.327938 0.185334 0.452494
1 1000.000000 40 0.360000 423 1.000000 0.000000 1.132812 1.132812 0.327938 0.185334 0.452494
1 1000.000000 40 0.360000 423 1.000000 0.000000 1.132812 1.132812 0.327938 0.185334 0.452494
1 1000.000000 50 0.362000 433 1.000000 0.000000 1.101881 1.101881 0.329708 0.184524 0.453393
1 1000.000000 50 0.362000 433 1.000000 0.000000 1.101881 1.101881 0.329708 0.184524 0.453393
1 1000.000000 50 0.362000 433 1.000000 0.000000 1.101881 1.101881 0.329708 0.184524 0.453393
1 1000.000000 50 0.362000 433 1.000000 0.000000 1.101881 1.101881 0.329708 0.184524 0.453393
1 1000.000000 50 0.362000 433 1.000000 0.000000 1.101881 1.101881 0.329708 0.184524 0.453393
1 1000.000000 50 0.362000 433 1.000000 0.000000 1.101881 1.101881 0.329708 0.184524 0.453393
1 1000.000000 50 0.362000 433 1.000000 0.000000 1.101881 1.101881 0.329708 0.184524 0.453393
1 1000.000000 50 0.362000 433 1.000000 0.000000 1.101881 1.101881 0.329708 0.184524 0.453393
1 1000.000000 50 0.362000 433 1.000000 0.000000 1.101881 1.101881 0.329708 0.184524 0.453393
1 1000.000000 40 0.360000 423 1.000000 0.000000 1.132812 1.132812 0.327938 0.185334 0.452494
1 1000.000000 40 0.360000 423 1.000000 0.000000 1.132812 1.132812 0.327938 0.185334 0.452494
1 1000.000000 50 0.362000 433 1.000000 0.000000 1.101881 1.101881 0.329708 0.184524 0.453393
1 1000.000000 50 0.362000 433 1.000000 0.000000 1.101881 1.101881 0.329708 0.184524 0.453393
1 1000.000000 50 0.362000 433 1.000000 0.000000 1.101881 1.101881 0.329708 0.184524 0.453393
1 1000.000000 50 0.362000 433 1.000000 0.000000 1.101881 1.101881 0.329708 0.184524 0.453393
1 1000.000000 50 0.362000 433 1.000000 0.000000 1.101881 1.101881 0.329708 0.184524 0.453393
1 1000.000000 50 0.362000 433 1.000000 0.000000 1.101881 1.101881 0.329708 0.184524 0.453393
1 1000.000000 50 0.362000 433 1.000000 0.000000 1.101881 1.101881 0.329708 0.184524 0.453393
1 1000.000000 50 0.362000 433 1.000000 0.000000 1.101881 1.101881 0.329708 0.184524 0.453393
1 1000.000000 50 0.362000 433 1.000000 0.000000 1.101881 1.101881 0.329708 0.184524 0.453393
1 1000.000000 50 0.362000 433 1.000000 0.000000 1.101881 1.101881 0.329708 0.184524 0.453393
1 1000.000000 50 0.362000 433 1.000000 0.000000 1.101881 1.101881 0.329708 0.184524 0.453393
1 1000.000000 50 0.319000 544 1.022026 0.000000 1.286344 1.286344 0.954493 0.016082 0.955225
1 1000.000000 50 0.319000 544 1.022026 0.000000 1.286344 1.286344 0.954493 0.016082 0.955225
1 1000.000000 50 0.319000 544 1.022026 0.000000 1.286344 1.286344 0.954493 0.016082 0.955225
1 1000.000000 50 0.353000 519 1.069552 0.000000 1.301391 1.301391 0.953359 0.016991 0.954152
1 1000.000000 50 0.353000 519 1.069552 0.000000 1.301391 1.301391 0.953359 0.016991 0.954152
1 1000.000000 50 0.358000 435 1.032710 0.000000 1.107477 1.107477 0.949471 0.017130 0.950337
1 1000.000000 50 0.546000 286 1.037445 0.000000 1.090308 1.090308 0.950636 0.016959 0.951473
1 1000.000000 50 0.552000 281 1.000000 0.000000 1.084821 1.084821 0.951659 0.016609 0.952462
1 1000.000000 50 0.552000 281 1.000000 0.000000 1.084821 1.084821 0.951659 0.016609 0.952462
1 1000.000000 50 0.552000 281 1.000000 0.000000 1.084821 1.084821 0.951659 0.016609 0.952462
1 1000.000000 50 0.552000 281 1.000000 0.000000 1.084821 1.084821 0.951659 0.016609 0.952462
1 1000.000000 50 0.407000 419 1.000000 0.000000 1.156830 1.156830 0.947676 0.017874 0.948611
1 1000.000000 50 0.407000 419 1.000000 0.000000 1.156830 1.156830 0.947676 0.017874 0.948611
1 1000.000000 50 0.382000 459 1.000000 0.000000 1.184466 1.184466 0.948943 0.017520 0.949837
1 1000.000000 50 0.382000 459 1.000000 0.000000 1.184466 1.184466 0.948943 0.017520 0.949837
1 1000.000000 50 0.382000 459 1.000000 0.000000 1.184466 1.184466 0.948943 0.017520 0.949837
1 1000.000000 50 0.382000 459 1.000000 0.000000 1.184466 1.184466 0.948943 0.017520 0.949837
1 1000.000000 50 0.382000 459 1.000000 0.000000 1.184466 1.184466 0.948943 0.017520 0.949837
1 1000.000000 50 0.561000 281 1.000000 0.000000 1.091116 1.091116 0.952808 0.016343 0.953579
1 1000.000000 50 0.382000 459 1.000000 0.000000 1.184466 1.184466 0.948943 0.017520 0.949837
1 1000.000000 50 0.382000 459 1.000000 0.000000 1.184466 1.184466 0.948943 0.017520 0.949837
1 1000.000000 50 0.561000 281 1.000000 0.000000 1.091116 1.091116 0.952808 0.016343 0.953579
1 1000.000000 50 0.561000 281 1.000000 0.000000 1.091116 1.091116 0.952808 0.016343 0.953579
1 1000.000000 50 0.561000 281 1.000000 0.000000 1.091116 1.091116 0.952808 0.016343 0.953579
1 1000.000000 50 0.382000 459 1.000000 0.000000 1.184466 1.184466 0.948943 0.017520 0.949837
1 1000.000000 50 0.382000 459 1.000000 0.000000 1.184466 1.184466 0.948943 0.017520 0.949837
1 1000.000000 50 0.398000 427 1.000000 0.000000 1.159468 1.159468 0.947048 0.017925 0.947997
1 1000.000000 50 0.398000 427 1.000000 0.000000 1.159468 1.159468 0.947048 0.017925 0.947997
1 1000.000000 50 0.382000 459 1.000000 0.000000 1.184466 1.184466 0.948943 0.017520 0.949837
1 1000.000000 40 0.378000 450 1.000000 0.000000 1.212219 1.212219 0.949232 0.017159 0.950103
1 1000.000000 40 0.378000 450 1.000000 0.000000 1.212219 1.212219 0.949232 0.017159 0.950103
1 1000.000000 30 0.399000 435 1.000000 0.000000 1.193012 1.193012 0.948685 0.017199 0.949568
1 1000.000000 30 0.399000 435 1.000000 0.000000 1.193012 1.193012 0.948685 0.017199 0.949568
1 1000.000000 50 0.382000 459 1.000000 0.000000 1.184466 1.184466 0.948943 0.017520 0.949837
1 1000.000000 50 0.382000 459 1.000000 0.000000 1.184466 1.184466 0.948943 0.017520 0.949837
1 1000.000000 50 0.382000 459 1.000000 0.000000 1.184466 1.184466 0.948943 0.017520 0.949837
1 1000.000000 50 0.382000 459 1.000000 0.000000 1.184466 1.184466 0.948943 0.017520 0.949837
1 1000.000000 50 0.382000 459 1.000000 0.000000 1.184466 1.184466 0.948943 0.017520 0.949837
1 1000.000000 50 0.382000 459 1.000000 0.000000 1.184466 1.184466 0.948943 0.017520 0.949837
1 1000.000000 50 0.382000 459 1.000000 0.000000 1.184466 1.184466 0.948943 0.017520 0.949837
1 1000.000000 50 0.382000 459 1.000000 0.000000 1.184466 1.184466 0.948943 0.017520 0.949837
1 1000.000000 50 0.382000 459 1.000000 0.000000 1.184466 1.184466 0.948943 0.017520 0.949837
1 1000.000000 50 0.382000 459 1.000000 0.000000 1.184466 1.184466 0.948943 0.017520 0.949837
1 1000.000000 50 0.382000 459 1.000000 0.000000 1.184466 1.184466 0.948943 0.017520 0.949837
2 1000.000000 50 0.150000 660 1.081176 0.000000 1.174118 1.174118 0.941507 0.016849 0.942493
1 1000.000000 50 0.382000 459 1.000000 0.000000 1.184466 1.184466 0.948943 0.017520 0.949837
2 1000.000000 50 0.150000 660 1.081176 0.000000 1.174118 1.174118 0.941507 0.016849 0.942493
2 1000.000000 50 0.150000 660 1.081176 0.000000 1.174118 1.174118 0.941507 0.016849 0.942493
2 1000.000000 50 0.150000 660 1.081176 0.000000 1.174118 1.174118 0.941507 0.016849 0.942493
2 1000.000000 50 0.150000 660 1.081176 0.000000 1.174118 1.174118 0.941507 0.016849 0.942493
2 1000.000000 50 0.150000 660 1.081176 0.000000 1.174118 1.174118 0.941507 0.016849 0.942493
2 1000.000000 50 0.150000 660 1.081176 0.000000 1.174118 1.174118 0.941507 0.016849 0.942493
