1 20.000000 10 0.000000 37 1.000000 0.000000 1.000000 1.000000 0.547025 0.094771 0.589954
1 20.000000 8569 0.000000 43 1.000000 0.000000 1.000000 1.000000 0.545528 0.095191 0.588790
1 40.000000 10 0.000000 69 1.000000 0.000000 1.000400 1.000400 0.812281 0.041590 0.820089
1 40.000000 8569 0.000000 70 1.000000 0.000000 1.000500 1.000500 0.822894 0.039394 0.829870
1 60.000000 10 0.000000 95 1.000000 0.000000 1.005400 1.005400 0.900031 0.022647 0.902295
1 60.000000 8569 0.000000 93 1.000000 0.000000 1.007200 1.007200 0.889554 0.025024 0.892318
1 80.000000 10 0.000600 121 1.000000 0.000000 1.027817 1.027817 0.924405 0.017455 0.925725
1 80.000000 8569 0.001300 120 1.000000 0.000000 1.028337 1.028337 0.923921 0.017597 0.925260
1 100.000000 10 0.005600 152 1.000000 0.000000 1.085579 1.085579 0.930083 0.016785 0.931256
1 100.000000 8569 0.006300 155 1.000000 0.000000 1.076784 1.076784 0.928842 0.017021 0.930053
1 120.000000 10 0.017200 189 1.000000 0.000000 1.165242 1.165242 0.935035 0.016522 0.936109
1 120.000000 8569 0.019000 189 1.000000 0.000000 1.147401 1.147401 0.937333 0.015810 0.938323
1 140.000000 10 0.038700 221 1.000000 0.000000 1.240404 1.240404 0.939690 0.016231 0.940669
1 140.000000 8569 0.037700 217 1.000000 0.000000 1.224670 1.224670 0.938402 0.016421 0.939414
1 160.000000 10 0.064200 245 1.000000 0.000000 1.290447 1.290447 0.942804 0.016237 0.943733
1 160.000000 8569 0.066300 242 1.000000 0.000000 1.292706 1.292706 0.944075 0.015960 0.944968
1 180.000000 10 0.095100 273 1.000000 0.000000 1.345342 1.345342 0.945737 0.016284 0.946621
1 180.000000 8569 0.090500 270 1.000000 0.000000 1.341286 1.341286 0.944649 0.016417 0.945558
1 200.000000 10 0.125400 290 1.000000 0.000000 1.368854 1.368854 0.946958 0.016523 0.947834
1 200.000000 8569 0.116200 291 1.000000 0.000000 1.360715 1.360715 0.945507 0.016722 0.946419
1 220.000000 10 0.148000 317 1.000000 0.000000 1.402113 1.402113 0.949195 0.016355 0.950026
1 220.000000 8569 0.144800 306 1.000000 0.000000 1.373012 1.373012 0.948445 0.016420 0.949292
1 240.000000 10 0.173700 346 1.000000 0.000000 1.406148 1.406148 0.950547 0.016426 0.951359
1 240.000000 8569 0.161800 335 1.000000 0.000000 1.396683 1.396683 0.949788 0.016464 0.950615
1 260.000000 10 0.196000 351 1.000000 0.000000 1.418284 1.418284 0.950606 0.016780 0.951435
1 260.000000 8569 0.189400 353 1.000000 0.000000 1.402418 1.402418 0.950502 0.016641 0.951326
1 280.000000 10 0.215100 373 1.000000 0.000000 1.421200 1.421200 0.952338 0.016615 0.953130
1 280.000000 8569 0.209000 375 1.000000 0.000000 1.407965 1.407965 0.951595 0.016607 0.952399
1 300.000000 10 0.233600 374 1.000000 0.000000 1.409186 1.409186 0.952557 0.016704 0.953350
1 300.000000 8569 0.228000 386 1.000000 0.000000 1.419171 1.419171 0.953004 0.016522 0.953780
1 320.000000 10 0.244400 390 1.000000 0.000000 1.430254 1.430254 0.954744 0.016303 0.955482
1 320.000000 8569 0.244200 385 1.000000 0.000000 1.421672 1.421672 0.953069 0.016692 0.953852
1 340.000000 10 0.272000 421 1.000000 0.000000 1.441484 1.441484 0.953957 0.017034 0.954741
1 340.000000 8569 0.257200 413 1.000000 0.000000 1.421513 1.421513 0.954226 0.016504 0.954981
1 360.000000 10 0.285200 420 1.000000 0.000000 1.427392 1.427392 0.955038 0.016738 0.955790
1 360.000000 8569 0.279500 415 1.000000 0.000000 1.433310 1.433310 0.954805 0.016685 0.955559
1 380.000000 10 0.295800 430 1.000000 0.000000 1.418347 1.418347 0.955641 0.016619 0.956378
1 380.000000 8569 0.292300 429 1.000000 0.000000 1.426452 1.426452 0.955497 0.016706 0.956241
1 400.000000 10 0.310100 449 1.000000 0.000000 1.420641 1.420641 0.956157 0.016640 0.956887
1 400.000000 8569 0.309100 436 1.000000 0.000000 1.403676 1.403676 0.955226 0.016691 0.955974
1 420.000000 10 0.325100 471 1.000000 0.000000 1.433546 1.433546 0.957256 0.016615 0.957966
1 420.000000 8569 0.316900 465 1.000000 0.000000 1.411067 1.411067 0.955756 0.016748 0.956497
1 440.000000 10 0.341500 476 1.000000 0.000000 1.408960 1.408960 0.956767 0.016713 0.957490
1 440.000000 8569 0.326300 457 1.000000 0.000000 1.404037 1.404037 0.956342 0.016675 0.957070
1 460.000000 10 0.349000 476 1.000000 0.000000 1.427035 1.427035 0.957655 0.016704 0.958362
1 460.000000 8569 0.336700 483 1.000000 0.000000 1.406151 1.406151 0.956855 0.016673 0.957574
1 480.000000 10 0.358300 481 1.000000 0.000000 1.398473 1.398473 0.957721 0.016542 0.958420
1 480.000000 8569 0.346200 483 1.000000 0.000000 1.410370 1.410370 0.957061 0.016736 0.957780
1 500.000000 10 0.368300 501 1.000000 0.000000 1.416970 1.416970 0.958337 0.016651 0.959031
1 500.000000 8569 0.361500 494 1.000000 0.000000 1.402349 1.402349 0.956392 0.017053 0.957136
1 520.000000 10 0.377800 512 1.000000 0.000000 1.415140 1.415140 0.958837 0.016543 0.959518
1 520.000000 8569 0.362600 513 1.000000 0.000000 1.403514 1.403514 0.957175 0.016868 0.957897
1 540.000000 10 0.382200 506 1.000000 0.000000 1.382486 1.382486 0.958385 0.016527 0.959072
1 540.000000 8569 0.378800 509 1.000000 0.000000 1.391661 1.391661 0.957736 0.016752 0.958444
1 560.000000 10 0.396600 520 1.000000 0.000000 1.400729 1.400729 0.958214 0.016838 0.958917
1 560.000000 8569 0.382300 517 1.000000 0.000000 1.406832 1.406832 0.958603 0.016579 0.959289
1 580.000000 10 0.403900 538 1.000000 0.000000 1.397417 1.397417 0.959317 0.016594 0.959993
1 580.000000 8569 0.389800 524 1.000000 0.000000 1.391839 1.391839 0.957811 0.016964 0.958527
1 600.000000 10 0.412800 544 1.000000 0.000000 1.394925 1.394925 0.959417 0.016672 0.960094
1 600.000000 8569 0.400900 543 1.000000 0.000000 1.377233 1.377233 0.957848 0.016855 0.958558
1 620.000000 10 0.421700 555 1.000000 0.000000 1.384057 1.384057 0.958825 0.016671 0.959511
1 620.000000 8569 0.414800 547 1.000000 0.000000 1.391319 1.391319 0.958425 0.016921 0.959128
1 640.000000 10 0.425100 547 1.000000 0.000000 1.359367 1.359367 0.958907 0.016691 0.959593
1 640.000000 8569 0.422400 545 1.000000 0.000000 1.368767 1.368767 0.958769 0.016804 0.959462
1 660.000000 10 0.431200 572 1.000000 0.000000 1.398558 1.398558 0.960204 0.016584 0.960864
1 660.000000 8569 0.423200 569 1.000000 0.000000 1.368759 1.368759 0.959000 0.016759 0.959687
1 680.000000 10 0.441700 562 1.000000 0.000000 1.365216 1.365216 0.960489 0.016286 0.961133
1 680.000000 8569 0.433900 604 1.000000 0.000000 1.393923 1.393923 0.959872 0.016778 0.960545
1 700.000000 10 0.442900 581 1.000000 0.000000 1.345719 1.345719 0.959246 0.016662 0.959925
1 700.000000 8569 0.440200 578 1.000000 0.000000 1.366024 1.366024 0.960022 0.016550 0.960683
1 720.000000 10 0.455600 600 1.000000 0.000000 1.376745 1.376745 0.960583 0.016571 0.961236
1 720.000000 8569 0.445500 605 1.000000 0.000000 1.368260 1.368260 0.960417 0.016430 0.961067
1 740.000000 10 0.452300 604 1.000000 0.000000 1.364981 1.364981 0.960942 0.016371 0.961582
1 740.000000 8569 0.445700 615 1.000000 0.000000 1.355584 1.355584 0.959915 0.016670 0.960583
1 760.000000 10 0.469800 622 1.000000 0.000000 1.363071 1.363071 0.961119 0.016365 0.961755
1 760.000000 8569 0.453800 603 1.000000 0.000000 1.348590 1.348590 0.959309 0.016878 0.959995
1 780.000000 10 0.468000 612 1.000000 0.000000 1.341917 1.341917 0.960622 0.016414 0.961268
1 780.000000 8569 0.465400 619 1.000000 0.000000 1.353722 1.353722 0.960630 0.016446 0.961277
1 800.000000 10 0.473300 619 1.000000 0.000000 1.347067 1.347067 0.960936 0.016399 0.961576
1 800.000000 8569 0.470900 632 1.000000 0.000000 1.357399 1.357399 0.960340 0.016801 0.961006
1 820.000000 10 0.483300 632 1.000000 0.000000 1.365009 1.365009 0.961508 0.016413 0.962140
1 820.000000 8569 0.468900 639 1.000000 0.000000 1.352664 1.352664 0.960874 0.016675 0.961526
1 840.000000 10 0.485800 637 1.000000 0.000000 1.334500 1.334500 0.960928 0.016497 0.961573
1 840.000000 8569 0.481300 641 1.000000 0.000000 1.335454 1.335454 0.960778 0.016527 0.961426
1 860.000000 10 0.489800 648 1.000000 0.000000 1.347315 1.347315 0.960990 0.016636 0.961639
1 860.000000 8569 0.480300 655 1.000000 0.000000 1.348470 1.348470 0.961785 0.016219 0.962404
1 880.000000 10 0.497200 646 1.000000 0.000000 1.335322 1.335322 0.960904 0.016520 0.961549
1 880.000000 8569 0.484600 661 1.000000 0.000000 1.356422 1.356422 0.961202 0.016706 0.961851
1 900.000000 10 0.498800 657 1.000000 0.000000 1.342977 1.342977 0.961141 0.016653 0.961789
1 900.000000 8569 0.495000 667 1.000000 0.000000 1.357426 1.357426 0.961289 0.016718 0.961936
1 920.000000 10 0.505200 657 1.000000 0.000000 1.326395 1.326395 0.960650 0.016648 0.961305
1 920.000000 8569 0.499200 658 1.000000 0.000000 1.337859 1.337859 0.961265 0.016552 0.961906
1 940.000000 10 0.513100 695 1.000000 0.000000 1.326967 1.326967 0.961214 0.016643 0.961860
1 940.000000 8569 0.502500 710 1.000000 0.000000 1.337688 1.337688 0.960982 0.016590 0.961629
1 960.000000 10 0.518300 668 1.000000 0.000000 1.338592 1.338592 0.961595 0.016463 0.962227
1 960.000000 8569 0.503900 659 1.000000 0.000000 1.320298 1.320298 0.960579 0.016682 0.961237
1 980.000000 10 0.516600 671 1.000000 0.000000 1.320852 1.320852 0.962241 0.016121 0.962849
1 980.000000 8569 0.512600 679 1.000000 0.000000 1.326221 1.326221 0.960628 0.016964 0.961296
1 1000.000000 10 0.518800 678 1.000000 0.000000 1.329177 1.329177 0.960785 0.016674 0.961439
1 1000.000000 8569 0.516000 698 1.000000 0.000000 1.330165 1.330165 0.961740 0.016589 0.962374
4 80.000000 10 0.000000 110 1.000000 0.000000 1.000000 1.000000 1.000000 -0.116596 1.000000
4 80.000000 8569 0.000000 111 1.000000 0.000000 1.000000 1.000000 1.000000 -0.167378 1.000000
4 160.000000 10 0.000000 191 1.000000 0.000000 1.000000 1.000000 1.000000 -0.774603 1.000000
4 160.000000 8569 0.000000 204 1.000000 0.000000 1.000000 1.000000 1.000000 -0.885470 1.000000
4 240.000000 10 0.000000 281 1.000000 0.000000 1.000000 1.000000 1.000000 -0.990632 1.000000
4 240.000000 8569 0.000000 293 1.000000 0.000000 1.000000 1.000000 1.000000 -0.902097 1.000000
4 320.000000 10 0.000000 372 1.000000 0.000000 1.000000 1.000000 1.000000 -1.012738 1.000000
4 320.000000 8569 0.000000 374 1.000000 0.000000 1.000000 1.000000 1.000000 -0.857575 1.000000
4 400.000000 10 0.000000 453 1.001100 0.000000 1.001100 1.001100 1.000000 -0.815884 1.000000
4 400.000000 8569 0.000000 449 1.000000 0.000000 1.000100 1.000100 1.000000 -0.870035 1.000000
4 480.000000 10 0.000700 550 1.009106 0.000000 1.012108 1.012108 1.000000 -0.869387 1.000000
4 480.000000 8569 0.000100 532 1.008701 0.000000 1.010701 1.010701 1.000000 -0.825892 1.000000
4 560.000000 10 0.002700 703 1.045723 0.000000 1.060664 1.060664 1.000000 -0.841859 1.000000
4 560.000000 8569 0.002400 661 1.038192 0.000000 1.052727 1.052727 1.000000 -0.824467 1.000000
4 640.000000 10 0.013100 822 1.101834 0.000000 1.134968 1.134968 1.000000 -0.866665 1.000000
4 640.000000 8569 0.010700 813 1.104518 0.000000 1.138077 1.138077 1.000000 -0.879999 1.000000
4 720.000000 10 0.030700 993 1.161663 0.000000 1.210977 1.210977 1.000000 -0.780486 1.000000
4 720.000000 8569 0.028000 929 1.149280 0.000000 1.199074 1.199074 1.000000 -0.937061 1.000000
4 800.000000 10 0.053200 1100 1.209865 0.000000 1.278623 1.278623 1.000000 -0.924367 1.000000
4 800.000000 8569 0.050100 1103 1.213707 0.000000 1.282030 1.282030 1.000000 -0.831856 1.000000
4 880.000000 10 0.071400 1229 1.248654 0.000000 1.326836 1.326836 1.000000 -0.869563 1.000000
4 880.000000 8569 0.074900 1198 1.242352 0.000000 1.318776 1.318776 1.000000 -0.949150 1.000000
4 960.000000 10 0.094900 1288 1.252900 0.000000 1.341067 1.341067 1.000000 -0.967388 1.000000
4 960.000000 8569 0.092900 1260 1.238011 0.000000 1.322125 1.322125 1.000000 -0.841582 1.000000
4 1040.000000 10 0.115700 1404 1.270270 0.000000 1.360963 1.360963 1.000000 -1.009898 1.000000
4 1040.000000 8569 0.111500 1373 1.258188 0.000000 1.345639 1.345639 1.000000 -0.886073 1.000000
4 1120.000000 10 0.134800 1484 1.269302 0.000000 1.361535 1.361535 1.000000 -1.185181 1.000000
4 1120.000000 8569 0.133300 1457 1.277720 0.000000 1.374063 1.374063 1.000000 -0.623852 1.000000
4 1200.000000 10 0.156100 1520 1.275151 0.000000 1.366276 1.366276 1.000000 -0.959997 1.000000
4 1200.000000 8569 0.156300 1513 1.269764 0.000000 1.364822 1.364822 1.000000 -0.899997 1.000000
4 1280.000000 10 0.171200 1636 1.286680 0.000000 1.385376 1.385376 1.000000 -1.099996 1.000000
4 1280.000000 8569 0.170300 1577 1.288418 0.000000 1.386405 1.386405 1.000000 -0.807689 1.000000
4 1360.000000 10 0.186500 1688 1.282975 0.000000 1.380086 1.380086 1.000000 -1.023806 1.000000
4 1360.000000 8569 0.182900 1652 1.280994 0.000000 1.378411 1.378411 1.000000 -0.651161 1.000000
4 1440.000000 10 0.201900 1740 1.280792 0.000000 1.382534 1.382534 1.000000 -0.724135 1.000000
4 1440.000000 8569 0.202100 1716 1.274721 0.000000 1.379120 1.379120 1.000000 -0.890407 1.000000
4 1520.000000 10 0.217000 1794 1.287356 0.000000 1.387356 1.387356 1.000000 -0.972218 1.000000
4 1520.000000 8569 0.217300 1760 1.278140 0.000000 1.376262 1.376262 1.000000 -0.807689 1.000000
4 1600.000000 10 0.230800 1811 1.275611 0.000000 1.372075 1.372075 1.000000 -0.957139 1.000000
4 1600.000000 8569 0.225000 1830 1.285032 0.000000 1.382581 1.382581 1.000000 -0.779067 1.000000
4 1680.000000 10 0.247000 1873 1.276361 0.000000 1.378752 1.378752 1.000000 -0.861535 1.000000
4 1680.000000 8569 0.240000 1812 1.273684 0.000000 1.373684 1.373684 1.000000 -0.844153 1.000000
4 1760.000000 10 0.257700 1896 1.274822 0.000000 1.374377 1.374377 1.000000 -0.949148 1.000000
4 1760.000000 8569 0.246400 1892 1.271497 0.000000 1.373806 1.373806 1.000000 -0.849312 1.000000
4 1840.000000 10 0.269300 1969 1.270699 0.000000 1.363077 1.363077 1.000000 -0.808820 1.000000
4 1840.000000 8569 0.257400 1891 1.260571 0.000000 1.354565 1.354565 1.000000 -0.693331 1.000000
4 1920.000000 10 0.280800 1966 1.270578 0.000000 1.366240 1.366240 1.000000 -1.016944 1.000000
4 1920.000000 8569 0.268700 1949 1.249282 0.000000 1.343908 1.343908 1.000000 -0.695120 1.000000
4 2000.000000 10 0.286900 2032 1.266162 0.000000 1.359557 1.359557 1.000000 -0.999996 1.000000
4 2000.000000 8569 0.285500 1989 1.249825 0.000000 1.346256 1.346256 1.000000 -0.666664 1.000000
4 2080.000000 10 0.298200 2064 1.271872 0.000000 1.364064 1.364064 1.000000 -0.835818 1.000000
4 2080.000000 8569 0.289900 2029 1.261512 0.000000 1.351359 1.351359 1.000000 -0.762497 1.000000
4 2160.000000 10 0.311900 2093 1.260863 0.000000 1.346461 1.346461 1.000000 -0.870964 1.000000
4 2160.000000 8569 0.305800 2058 1.242725 0.000000 1.335926 1.335926 1.000000 -1.133328 1.000000
4 2240.000000 10 0.316600 2077 1.232953 0.000000 1.326895 1.326895 1.000000 -0.918029 1.000000
4 2240.000000 8569 0.312800 2099 1.245780 0.000000 1.344296 1.344296 1.000000 -0.828568 1.000000
4 2320.000000 10 0.326200 2078 1.241466 0.000000 1.327545 1.327545 1.000000 -0.903222 1.000000
4 2320.000000 8569 0.319300 2094 1.242398 0.000000 1.325547 1.325547 1.000000 -0.815381 1.000000
4 2400.000000 10 0.334300 2133 1.243203 0.000000 1.329127 1.329127 1.000000 -0.923073 1.000000
4 2400.000000 8569 0.327100 2154 1.248031 0.000000 1.338237 1.338237 1.000000 -0.921871 1.000000
4 2480.000000 10 0.340900 2187 1.230921 0.000000 1.315582 1.315582 1.000000 -0.796607 1.000000
4 2480.000000 8569 0.331700 2161 1.230435 0.000000 1.312584 1.312584 1.000000 -0.794518 1.000000
4 2560.000000 10 0.353200 2210 1.235003 0.000000 1.325758 1.325758 1.000000 -0.770489 1.000000
4 2560.000000 8569 0.344900 2172 1.232331 0.000000 1.317814 1.317814 1.000000 -0.739723 1.000000
4 2640.000000 10 0.359100 2250 1.227805 0.000000 1.311593 1.311593 1.000000 -0.774190 1.000000
4 2640.000000 8569 0.349900 2194 1.229349 0.000000 1.313183 1.313183 1.000000 -0.843747 1.000000
4 2720.000000 10 0.361500 2227 1.222240 0.000000 1.302897 1.302897 1.000000 -0.864403 1.000000
4 2720.000000 8569 0.355100 2201 1.220499 0.000000 1.310591 1.310591 1.000000 -1.016663 1.000000
4 2800.000000 10 0.375800 2239 1.229253 0.000000 1.305511 1.305511 1.000000 -0.786882 1.000000
4 2800.000000 8569 0.366400 2216 1.220644 0.000000 1.297980 1.297980 1.000000 -0.597220 1.000000
4 2880.000000 10 0.381400 2264 1.217911 0.000000 1.293728 1.293728 1.000000 -0.666664 1.000000
4 2880.000000 8569 0.372300 2306 1.224470 0.000000 1.314163 1.314163 1.000000 -0.569229 1.000000
4 2960.000000 10 0.378500 2314 1.226710 0.000000 1.307482 1.307482 1.000000 -0.899996 1.000000
4 2960.000000 8569 0.376000 2284 1.209936 0.000000 1.287981 1.287981 1.000000 -0.742855 1.000000
4 3040.000000 10 0.389200 2336 1.205632 0.000000 1.285200 1.285200 1.000000 -0.888885 1.000000
4 3040.000000 8569 0.382300 2308 1.205440 0.000000 1.282661 1.282661 1.000000 -0.907689 1.000000
4 3120.000000 10 0.397100 2345 1.198209 0.000000 1.271853 1.271853 1.000000 -1.101691 1.000000
4 3120.000000 8569 0.388400 2352 1.199477 0.000000 1.276488 1.276488 1.000000 -0.951609 1.000000
4 3200.000000 10 0.407900 2332 1.198784 0.000000 1.276642 1.276642 1.000000 -1.052627 1.000000
4 3200.000000 8569 0.398300 2322 1.200931 0.000000 1.279707 1.279707 1.000000 -0.607593 1.000000
4 3280.000000 10 0.413600 2369 1.199693 0.000000 1.275750 1.275750 1.000000 -1.033894 1.000000
4 3280.000000 8569 0.401500 2354 1.199332 0.000000 1.276859 1.276859 1.000000 -0.765622 1.000000
4 3360.000000 10 0.411900 2396 1.209488 0.000000 1.289066 1.289066 1.000000 -0.966098 1.000000
4 3360.000000 8569 0.408100 2356 1.189897 0.000000 1.260855 1.260855 1.000000 -0.833330 1.000000
4 3440.000000 10 0.417300 2351 1.181054 0.000000 1.250558 1.250558 1.000000 -0.705880 1.000000
4 3440.000000 8569 0.407800 2416 1.197906 0.000000 1.271699 1.271699 1.000000 -0.936505 1.000000
4 3520.000000 10 0.419300 2423 1.196143 0.000000 1.273463 1.273463 1.000000 -0.857140 1.000000
4 3520.000000 8569 0.415700 2362 1.186719 0.000000 1.257915 1.257915 1.000000 -0.628569 1.000000
4 3600.000000 10 0.423800 2425 1.192989 0.000000 1.255988 1.255988 1.000000 -1.058819 1.000000
4 3600.000000 8569 0.419200 2413 1.190771 0.000000 1.254649 1.254649 1.000000 -0.633801 1.000000
4 3680.000000 10 0.427900 2371 1.176543 0.000000 1.235448 1.235448 1.000000 -0.786882 1.000000
4 3680.000000 8569 0.420400 2425 1.180814 0.000000 1.246032 1.246032 1.000000 -0.698410 1.000000
4 3760.000000 10 0.435600 2457 1.184798 0.000000 1.254961 1.254961 1.000000 -0.830505 1.000000
4 3760.000000 8569 0.430700 2457 1.184788 0.000000 1.255050 1.255050 1.000000 -0.731341 1.000000
4 3840.000000 10 0.440900 2437 1.180290 0.000000 1.245394 1.245394 1.000000 -0.793100 1.000000
4 3840.000000 8569 0.431300 2472 1.183401 0.000000 1.250396 1.250396 1.000000 -0.737702 1.000000
4 3920.000000 10 0.446100 2439 1.185232 0.000000 1.246073 1.246073 1.000000 -0.921565 1.000000
4 3920.000000 8569 0.438700 2471 1.177267 0.000000 1.240691 1.240691 1.000000 -0.763633 1.000000
4 4000.000000 10 0.454300 2458 1.190031 0.000000 1.250504 1.250504 1.000000 -1.434776 1.000000
4 4000.000000 8569 0.443800 2462 1.182848 0.000000 1.246134 1.246134 1.000000 -0.565216 1.000000
7 140.000000 10 0.000000 176 1.000000 0.000000 1.000000 1.000000 1.000000 -0.104742 1.000000
7 140.000000 8569 0.000000 182 1.000000 0.000000 1.000000 1.000000 1.000000 -0.074022 1.000000
7 280.000000 10 0.000000 328 1.000000 0.000000 1.000000 1.000000 1.000000 -0.079235 1.000000
7 280.000000 8569 0.000000 336 1.000000 0.000000 1.000000 1.000000 1.000000 -0.055605 1.000000
7 420.000000 10 0.000000 470 1.000000 0.000000 1.000000 1.000000 1.000000 -0.119867 1.000000
7 420.000000 8569 0.000000 468 1.000000 0.000000 1.000000 1.000000 1.000000 -0.035126 1.000000
7 560.000000 10 0.000000 629 1.000000 0.000000 1.000000 1.000000 1.000000 -0.189258 1.000000
7 560.000000 8569 0.000000 606 1.000000 0.000000 1.000000 1.000000 1.000000 -0.216898 1.000000
7 700.000000 10 0.000000 773 1.000000 0.000000 1.000000 1.000000 1.000000 -0.246223 1.000000
7 840.000000 10 0.000000 914 1.000700 0.000000 1.000700 1.000700 1.000000 -0.242958 1.000000
7 700.000000 8569 0.000000 758 1.000000 0.000000 1.000000 1.000000 1.000000 -0.223101 1.000000
7 840.000000 8569 0.000000 900 1.000000 0.000000 1.000000 1.000000 1.000000 -0.207477 1.000000
7 980.000000 10 0.000300 1117 1.016005 0.000000 1.019006 1.019006 1.000000 -0.217204 1.000000
7 980.000000 8569 0.000300 1071 1.011403 0.000000 1.012804 1.012804 1.000000 -0.211712 1.000000
7 1120.000000 10 0.004000 1367 1.057831 0.000000 1.065964 1.065964 1.000000 -0.291878 1.000000
7 1120.000000 8569 0.003100 1299 1.058481 0.000000 1.068914 1.068914 1.000000 -0.175166 1.000000
7 1260.000000 10 0.014400 1595 1.110187 0.000000 1.126319 1.126319 1.000000 -0.259842 1.000000
7 1260.000000 8569 0.014600 1510 1.111325 0.000000 1.129795 1.129795 1.000000 -0.229946 1.000000
7 1400.000000 10 0.030600 1808 1.168145 0.000000 1.196101 1.196101 1.000000 -0.245562 1.000000
7 1400.000000 8569 0.032300 1777 1.166374 0.000000 1.195618 1.195618 1.000000 -0.196970 1.000000
7 1540.000000 10 0.048300 2039 1.208994 0.000000 1.243984 1.243984 1.000000 -0.279352 1.000000
7 1680.000000 10 0.066400 2170 1.237361 0.000000 1.277099 1.277099 1.000000 -0.342105 1.000000
7 1540.000000 8569 0.050600 1968 1.207289 0.000000 1.240257 1.240257 1.000000 -0.256055 1.000000
7 1680.000000 8569 0.068200 2144 1.225907 0.000000 1.267976 1.267976 1.000000 -0.205674 1.000000
7 1820.000000 10 0.085900 2391 1.259928 0.000000 1.300405 1.300405 1.000000 -0.277153 1.000000
7 1820.000000 8569 0.085500 2285 1.249098 0.000000 1.288682 1.288682 1.000000 -0.295373 1.000000
7 1960.000000 10 0.107500 2475 1.248179 0.000000 1.293445 1.293445 1.000000 -0.242798 1.000000
7 1960.000000 8569 0.105900 2411 1.244268 0.000000 1.291019 1.291019 1.000000 -0.208955 1.000000
7 2100.000000 10 0.124400 2588 1.261192 0.000000 1.310644 1.310644 1.000000 -0.253012 1.000000
7 2100.000000 8569 0.123400 2526 1.258841 0.000000 1.306297 1.306297 1.000000 -0.273092 1.000000
7 2240.000000 10 0.138400 2672 1.253598 0.000000 1.302925 1.302925 1.000000 -0.236287 1.000000
7 2240.000000 8569 0.136100 2624 1.254775 0.000000 1.300961 1.300961 1.000000 -0.214285 1.000000
7 2380.000000 10 0.151300 2805 1.268057 0.000000 1.316131 1.316131 1.000000 -0.257642 1.000000
7 2380.000000 8569 0.149900 2700 1.262204 0.000000 1.306552 1.306552 1.000000 -0.346666 1.000000
7 2520.000000 10 0.168900 2876 1.258332 0.000000 1.309349 1.309349 1.000000 -0.280000 1.000000
7 2520.000000 8569 0.164800 2780 1.253233 0.000000 1.304119 1.304119 1.000000 -0.228699 1.000000
7 2660.000000 10 0.177300 2868 1.254649 0.000000 1.305822 1.305822 1.000000 -0.344186 1.000000
7 2660.000000 8569 0.178900 2811 1.250030 0.000000 1.298258 1.298258 1.000000 -0.269230 1.000000
7 2800.000000 10 0.193700 2957 1.266154 0.000000 1.317004 1.317004 1.000000 -0.287671 1.000000
7 2800.000000 8569 0.192700 2916 1.252199 0.000000 1.298774 1.298774 1.000000 -0.222222 1.000000
7 2940.000000 10 0.204500 3005 1.249654 0.000000 1.292143 1.292143 1.000000 -0.304347 1.000000
7 2940.000000 8569 0.202400 2996 1.241224 0.000000 1.286610 1.286610 1.000000 -0.311881 1.000000
7 3080.000000 10 0.220800 3153 1.255647 0.000000 1.301848 1.301848 1.000000 -0.255000 1.000000
7 3080.000000 8569 0.214200 3038 1.238483 0.000000 1.282387 1.282387 1.000000 -0.270142 1.000000
7 3220.000000 10 0.231500 3175 1.247105 0.000000 1.291347 1.291347 1.000000 -0.386243 1.000000
7 3220.000000 8569 0.222500 3126 1.242572 0.000000 1.289904 1.289904 1.000000 -0.217391 1.000000
7 3360.000000 10 0.239200 3194 1.248686 0.000000 1.292587 1.292587 1.000000 -0.401162 1.000000
7 3360.000000 8569 0.237600 3153 1.224816 0.000000 1.271249 1.271249 1.000000 -0.237623 1.000000
7 3500.000000 10 0.248900 3193 1.236187 0.000000 1.278125 1.278125 1.000000 -0.335106 1.000000
7 3500.000000 8569 0.240100 3200 1.230425 0.000000 1.276089 1.276089 1.000000 -0.230000 1.000000
7 3640.000000 10 0.262300 3205 1.224481 0.000000 1.264877 1.264877 1.000000 -0.353260 1.000000
7 3640.000000 8569 0.253400 3216 1.226493 0.000000 1.266408 1.266408 1.000000 -0.277227 1.000000
7 3780.000000 10 0.266500 3323 1.241581 0.000000 1.290798 1.290798 1.000000 -0.390374 1.000000
7 3780.000000 8569 0.265500 3282 1.225868 0.000000 1.264534 1.264534 1.000000 -0.285714 1.000000
7 3920.000000 10 0.277600 3363 1.235880 0.000000 1.282946 1.282946 1.000000 -0.326203 1.000000
7 3920.000000 8569 0.274400 3303 1.218302 0.000000 1.263093 1.263093 1.000000 -0.244565 1.000000
7 4060.000000 10 0.289700 3295 1.212868 0.000000 1.253555 1.253555 1.000000 -0.321052 1.000000
7 4060.000000 8569 0.275700 3323 1.200607 0.000000 1.247411 1.247411 1.000000 -0.276243 1.000000
7 4200.000000 10 0.293500 3380 1.215570 0.000000 1.257749 1.257749 1.000000 -0.333333 1.000000
7 4200.000000 8569 0.289900 3380 1.198564 0.000000 1.236305 1.236305 1.000000 -0.236842 1.000000
7 4340.000000 10 0.301500 3419 1.214316 0.000000 1.258268 1.258268 1.000000 -0.389936 1.000000
7 4340.000000 8569 0.297200 3391 1.203756 0.000000 1.246016 1.246016 1.000000 -0.284090 1.000000
7 4480.000000 10 0.304900 3369 1.203280 0.000000 1.244138 1.244138 1.000000 -0.279187 1.000000
7 4480.000000 8569 0.304900 3460 1.208603 0.000000 1.246295 1.246295 1.000000 -0.278409 1.000000
7 4620.000000 10 0.316900 3442 1.208315 0.000000 1.246230 1.246230 1.000000 -0.286486 1.000000
7 4620.000000 8569 0.313100 3366 1.186781 0.000000 1.227253 1.227253 1.000000 -0.281081 1.000000
7 4760.000000 10 0.321300 3436 1.196405 0.000000 1.235450 1.235450 1.000000 -0.223880 1.000000
7 4760.000000 8569 0.313900 3433 1.191517 0.000000 1.228392 1.228392 1.000000 -0.263736 1.000000
7 4900.000000 10 0.329500 3462 1.191946 0.000000 1.231469 1.231469 1.000000 -0.294117 1.000000
7 4900.000000 8569 0.317500 3458 1.185055 0.000000 1.220073 1.220073 1.000000 -0.302702 1.000000
7 5040.000000 10 0.330600 3442 1.176875 0.000000 1.214819 1.214819 1.000000 -0.273743 1.000000
7 5040.000000 8569 0.327300 3482 1.183440 0.000000 1.220752 1.220752 1.000000 -0.305882 1.000000
7 5180.000000 10 0.341600 3500 1.196689 0.000000 1.232685 1.232685 1.000000 -0.297619 1.000000
7 5180.000000 8569 0.334000 3530 1.178228 0.000000 1.213063 1.213063 1.000000 -0.345238 1.000000
7 5320.000000 10 0.344800 3459 1.179182 0.000000 1.208791 1.208791 1.000000 -0.225988 1.000000
7 5320.000000 8569 0.339100 3532 1.174762 0.000000 1.204570 1.204570 1.000000 -0.195876 1.000000
7 5460.000000 10 0.347800 3521 1.180466 0.000000 1.216038 1.216038 1.000000 -0.316666 1.000000
7 5460.000000 8569 0.351300 3521 1.174965 0.000000 1.211192 1.211192 1.000000 -0.263736 1.000000
7 5600.000000 10 0.358300 3551 1.179679 0.000000 1.215210 1.215210 1.000000 -0.308139 1.000000
7 5600.000000 8569 0.355100 3528 1.170724 0.000000 1.206389 1.206389 1.000000 -0.205714 1.000000
7 5740.000000 10 0.362200 3575 1.179994 0.000000 1.217623 1.217623 1.000000 -0.275641 1.000000
7 5740.000000 8569 0.364000 3558 1.177673 0.000000 1.210220 1.210220 1.000000 -0.216931 1.000000
7 5880.000000 10 0.367400 3547 1.169617 0.000000 1.202656 1.202656 1.000000 -0.245714 1.000000
7 5880.000000 8569 0.368100 3542 1.162842 0.000000 1.195917 1.195917 1.000000 -0.219512 1.000000
7 6020.000000 10 0.375200 3568 1.165813 0.000000 1.196703 1.196703 1.000000 -0.294444 1.000000
7 6020.000000 8569 0.367900 3576 1.167220 0.000000 1.198228 1.198228 1.000000 -0.268156 1.000000
7 6160.000000 10 0.378900 3625 1.174851 0.000000 1.209950 1.209950 1.000000 -0.259668 1.000000
7 6160.000000 8569 0.377300 3584 1.164285 0.000000 1.194797 1.194797 1.000000 -0.281768 1.000000
7 6300.000000 10 0.378500 3599 1.169751 0.000000 1.200805 1.200805 1.000000 -0.312883 1.000000
7 6300.000000 8569 0.375900 3609 1.160071 0.000000 1.191796 1.191796 1.000000 -0.239766 1.000000
7 6440.000000 10 0.381700 3587 1.156558 0.000000 1.187449 1.187449 1.000000 -0.309090 1.000000
7 6440.000000 8569 0.387000 3615 1.169657 0.000000 1.202773 1.202773 1.000000 -0.222857 1.000000
7 6580.000000 10 0.392000 3594 1.156250 0.000000 1.185362 1.185362 1.000000 -0.200000 1.000000
7 6580.000000 8569 0.390900 3560 1.148744 0.000000 1.179609 1.179609 1.000000 -0.211428 1.000000
7 6720.000000 10 0.390100 3656 1.161994 0.000000 1.195934 1.195934 1.000000 -0.271084 1.000000
7 6720.000000 8569 0.394700 3599 1.156947 0.000000 1.189162 1.189162 1.000000 -0.195402 1.000000
7 6860.000000 10 0.393200 3619 1.153428 0.000000 1.186552 1.186552 1.000000 -0.235294 1.000000
7 6860.000000 8569 0.398800 3613 1.151198 0.000000 1.182468 1.182468 1.000000 -0.246988 1.000000
7 7000.000000 10 0.397200 3609 1.147478 0.000000 1.180491 1.180491 1.000000 -0.210256 1.000000
7 7000.000000 8569 0.404400 3595 1.140363 0.000000 1.167898 1.167898 1.000000 -0.256250 1.000000
