1 20.000000 3.145800 4.755000 2453.880000 3722.800000
1 20.000000 3.149600 4.749700 2454.240000 3740.510000
1 40.000000 3.145800 4.755000 2453.880000 3722.800000
1 40.000000 3.149600 4.749700 2454.240000 3740.510000
1 60.000000 3.145800 4.755000 2453.880000 3722.800000
1 60.000000 3.149600 4.749700 2454.240000 3740.510000
1 80.000000 3.145800 4.755000 2453.880000 3722.800000
1 80.000000 3.149600 4.749700 2454.240000 3740.510000
1 100.000000 3.145800 4.755000 2453.880000 3722.800000
1 100.000000 3.149600 4.749700 2454.240000 3740.510000
1 120.000000 3.145800 4.755000 2453.880000 3722.800000
1 120.000000 3.149600 4.749700 2454.240000 3740.510000
1 140.000000 3.145800 4.755000 2453.880000 3722.800000
1 140.000000 3.149600 4.749700 2454.240000 3740.510000
1 160.000000 3.145800 4.755000 2453.880000 3722.800000
1 160.000000 3.149600 4.749700 2454.240000 3740.510000
1 180.000000 3.145800 4.755000 2453.880000 3722.800000
1 180.000000 3.149600 4.749700 2454.240000 3740.510000
1 200.000000 3.145800 4.755000 2453.880000 3722.800000
1 200.000000 3.149600 4.749700 2454.240000 3740.510000
1 220.000000 3.145800 4.755000 2453.880000 3722.800000
1 220.000000 3.149600 4.749700 2454.240000 3740.510000
1 240.000000 3.145800 4.755000 2453.880000 3722.800000
1 240.000000 3.149600 4.749700 2454.240000 3740.510000
1 260.000000 3.145800 4.755000 2453.880000 3722.800000
1 260.000000 3.149600 4.749700 2454.240000 3740.510000
1 280.000000 3.145800 4.755000 2453.880000 3722.800000
1 280.000000 3.149600 4.749700 2454.240000 3740.510000
1 300.000000 3.145800 4.755000 2453.880000 3722.800000
1 300.000000 3.149600 4.749700 2454.240000 3740.510000
1 320.000000 3.145800 4.755000 2453.880000 3722.800000
1 320.000000 3.149600 4.749700 2454.240000 3740.510000
1 340.000000 3.145800 4.755000 2453.880000 3722.800000
1 340.000000 3.149600 4.749700 2454.240000 3740.510000
1 360.000000 3.145800 4.755000 2453.880000 3722.800000
1 360.000000 3.149600 4.749700 2454.240000 3740.510000
1 380.000000 3.145800 4.755000 2453.880000 3722.800000
1 380.000000 3.149600 4.749700 2454.240000 3740.510000
1 400.000000 3.145800 4.755000 2453.880000 3722.800000
1 400.000000 3.149600 4.749700 2454.240000 3740.510000
1 420.000000 3.145800 4.755000 2453.880000 3722.800000
1 420.000000 3.149600 4.749700 2454.240000 3740.510000
1 440.000000 3.145800 4.755000 2453.880000 3722.800000
1 440.000000 3.149600 4.749700 2454.240000 3740.510000
1 460.000000 3.145800 4.755000 2453.880000 3722.800000
1 460.000000 3.149600 4.749700 2454.240000 3740.510000
1 480.000000 3.145800 4.755000 2453.880000 3722.800000
1 480.000000 3.149600 4.749700 2454.240000 3740.510000
1 500.000000 3.145800 4.755000 2453.880000 3722.800000
1 500.000000 3.149600 4.749700 2454.240000 3740.510000
1 520.000000 3.145800 4.755000 2453.880000 3722.800000
1 520.000000 3.149600 4.749700 2454.240000 3740.510000
1 540.000000 3.145800 4.755000 2453.880000 3722.800000
1 540.000000 3.149600 4.749700 2454.240000 3740.510000
1 560.000000 3.145800 4.755000 2453.880000 3722.800000
1 560.000000 3.149600 4.749700 2454.240000 3740.510000
1 580.000000 3.145800 4.755000 2453.880000 3722.800000
1 580.000000 3.149600 4.749700 2454.240000 3740.510000
1 600.000000 3.145800 4.755000 2453.880000 3722.800000
1 600.000000 3.149600 4.749700 2454.240000 3740.510000
1 620.000000 3.145800 4.755000 2453.880000 3722.800000
1 620.000000 3.149600 4.749700 2454.240000 3740.510000
1 640.000000 3.145800 4.755000 2453.880000 3722.800000
1 640.000000 3.149600 4.749700 2454.240000 3740.510000
1 660.000000 3.145800 4.755000 2453.880000 3722.800000
1 660.000000 3.149600 4.749700 2454.240000 3740.510000
1 680.000000 3.145800 4.755000 2453.880000 3722.800000
1 680.000000 3.149600 4.749700 2454.240000 3740.510000
1 700.000000 3.145800 4.755000 2453.880000 3722.800000
1 700.000000 3.149600 4.749700 2454.240000 3740.510000
1 720.000000 3.145800 4.755000 2453.880000 3722.800000
1 720.000000 3.149600 4.749700 2454.240000 3740.510000
1 740.000000 3.145800 4.755000 2453.880000 3722.800000
1 740.000000 3.149600 4.749700 2454.240000 3740.510000
1 760.000000 3.145800 4.755000 2453.880000 3722.800000
1 760.000000 3.149600 4.749700 2454.240000 3740.510000
1 780.000000 3.145800 4.755000 2453.880000 3722.800000
1 780.000000 3.149600 4.749700 2454.240000 3740.510000
1 800.000000 3.145800 4.755000 2453.880000 3722.800000
1 800.000000 3.149600 4.749700 2454.240000 3740.510000
1 820.000000 3.145800 4.755000 2453.880000 3722.800000
1 820.000000 3.149600 4.749700 2454.240000 3740.510000
1 840.000000 3.145800 4.755000 2453.880000 3722.800000
1 840.000000 3.149600 4.749700 2454.240000 3740.510000
1 860.000000 3.145800 4.755000 2453.880000 3722.800000
1 860.000000 3.149600 4.749700 2454.240000 3740.510000
1 880.000000 3.145800 4.755000 2453.880000 3722.800000
1 880.000000 3.149600 4.749700 2454.240000 3740.510000
1 900.000000 3.145800 4.755000 2453.880000 3722.800000
1 900.000000 3.149600 4.749700 2454.240000 3740.510000
1 920.000000 3.145800 4.755000 2453.880000 3722.800000
1 920.000000 3.149600 4.749700 2454.240000 3740.510000
1 940.000000 3.145800 4.755000 2453.880000 3722.800000
1 940.000000 3.149600 4.749700 2454.240000 3740.510000
1 960.000000 3.145800 4.755000 2453.880000 3722.800000
1 960.000000 3.149600 4.749700 2454.240000 3740.510000
1 980.000000 3.145800 4.755000 2453.880000 3722.800000
1 980.000000 3.149600 4.749700 2454.240000 3740.510000
1 1000.000000 3.145800 4.755000 2453.880000 3722.800000
1 1000.000000 3.149600 4.749700 2454.240000 3740.510000
4 80.000000 3.145800 4.755000 2453.880000 3722.800000
4 80.000000 3.149600 4.749700 2454.240000 3740.510000
4 160.000000 3.145800 4.755000 2453.880000 3722.800000
4 160.000000 3.149600 4.749700 2454.240000 3740.510000
4 240.000000 3.145800 4.755000 2453.880000 3722.800000
4 240.000000 3.149600 4.749700 2454.240000 3740.510000
4 320.000000 3.145800 4.755000 2453.880000 3722.800000
4 320.000000 3.149600 4.749700 2454.240000 3740.510000
4 400.000000 3.145800 4.755000 2453.880000 3722.800000
4 400.000000 3.149600 4.749700 2454.240000 3740.510000
4 480.000000 3.145800 4.755000 2453.880000 3722.800000
4 480.000000 3.149600 4.749700 2454.240000 3740.510000
4 560.000000 3.145800 4.755000 2453.880000 3722.800000
4 560.000000 3.149600 4.749700 2454.240000 3740.510000
4 640.000000 3.145800 4.755000 2453.880000 3722.800000
4 640.000000 3.149600 4.749700 2454.240000 3740.510000
4 720.000000 3.145800 4.755000 2453.880000 3722.800000
4 720.000000 3.149600 4.749700 2454.240000 3740.510000
4 800.000000 3.145800 4.755000 2453.880000 3722.800000
4 800.000000 3.149600 4.749700 2454.240000 3740.510000
4 880.000000 3.145800 4.755000 2453.880000 3722.800000
4 880.000000 3.149600 4.749700 2454.240000 3740.510000
4 960.000000 3.145800 4.755000 2453.880000 3722.800000
4 960.000000 3.149600 4.749700 2454.240000 3740.510000
4 1040.000000 3.145800 4.755000 2453.880000 3722.800000
4 1040.000000 3.149600 4.749700 2454.240000 3740.510000
4 1120.000000 3.145800 4.755000 2453.880000 3722.800000
4 1120.000000 3.149600 4.749700 2454.240000 3740.510000
4 1200.000000 3.145800 4.755000 2453.880000 3722.800000
4 1200.000000 3.149600 4.749700 2454.240000 3740.510000
4 1280.000000 3.145800 4.755000 2453.880000 3722.800000
4 1280.000000 3.149600 4.749700 2454.240000 3740.510000
4 1360.000000 3.145800 4.755000 2453.880000 3722.800000
4 1360.000000 3.149600 4.749700 2454.240000 3740.510000
4 1440.000000 3.145800 4.755000 2453.880000 3722.800000
4 1440.000000 3.149600 4.749700 2454.240000 3740.510000
4 1520.000000 3.145800 4.755000 2453.880000 3722.800000
4 1520.000000 3.149600 4.749700 2454.240000 3740.510000
4 1600.000000 3.145800 4.755000 2453.880000 3722.800000
4 1600.000000 3.149600 4.749700 2454.240000 3740.510000
4 1680.000000 3.145800 4.755000 2453.880000 3722.800000
4 1680.000000 3.149600 4.749700 2454.240000 3740.510000
4 1760.000000 3.145800 4.755000 2453.880000 3722.800000
4 1760.000000 3.149600 4.749700 2454.240000 3740.510000
4 1840.000000 3.145800 4.755000 2453.880000 3722.800000
4 1840.000000 3.149600 4.749700 2454.240000 3740.510000
4 1920.000000 3.145800 4.755000 2453.880000 3722.800000
4 1920.000000 3.149600 4.749700 2454.240000 3740.510000
4 2000.000000 3.145800 4.755000 2453.880000 3722.800000
4 2000.000000 3.149600 4.749700 2454.240000 3740.510000
4 2080.000000 3.145800 4.755000 2453.880000 3722.800000
4 2080.000000 3.149600 4.749700 2454.240000 3740.510000
4 2160.000000 3.145800 4.755000 2453.880000 3722.800000
4 2160.000000 3.149600 4.749700 2454.240000 3740.510000
4 2240.000000 3.145800 4.755000 2453.880000 3722.800000
4 2240.000000 3.149600 4.749700 2454.240000 3740.510000
4 2320.000000 3.145800 4.755000 2453.880000 3722.800000
4 2320.000000 3.149600 4.749700 2454.240000 3740.510000
4 2400.000000 3.145800 4.755000 2453.880000 3722.800000
4 2400.000000 3.149600 4.749700 2454.240000 3740.510000
4 2480.000000 3.145800 4.755000 2453.880000 3722.800000
4 2480.000000 3.149600 4.749700 2454.240000 3740.510000
4 2560.000000 3.145800 4.755000 2453.880000 3722.800000
4 2560.000000 3.149600 4.749700 2454.240000 3740.510000
4 2640.000000 3.145800 4.755000 2453.880000 3722.800000
4 2640.000000 3.149600 4.749700 2454.240000 3740.510000
4 2720.000000 3.145800 4.755000 2453.880000 3722.800000
4 2720.000000 3.149600 4.749700 2454.240000 3740.510000
4 2800.000000 3.145800 4.755000 2453.880000 3722.800000
4 2800.000000 3.149600 4.749700 2454.240000 3740.510000
4 2880.000000 3.145800 4.755000 2453.880000 3722.800000
4 2880.000000 3.149600 4.749700 2454.240000 3740.510000
4 2960.000000 3.145800 4.755000 2453.880000 3722.800000
4 2960.000000 3.149600 4.749700 2454.240000 3740.510000
4 3040.000000 3.145800 4.755000 2453.880000 3722.800000
4 3040.000000 3.149600 4.749700 2454.240000 3740.510000
4 3120.000000 3.145800 4.755000 2453.880000 3722.800000
4 3120.000000 3.149600 4.749700 2454.240000 3740.510000
4 3200.000000 3.145800 4.755000 2453.880000 3722.800000
4 3200.000000 3.149600 4.749700 2454.240000 3740.510000
4 3280.000000 3.145800 4.755000 2453.880000 3722.800000
4 3280.000000 3.149600 4.749700 2454.240000 3740.510000
4 3360.000000 3.145800 4.755000 2453.880000 3722.800000
4 3360.000000 3.149600 4.749700 2454.240000 3740.510000
4 3440.000000 3.145800 4.755000 2453.880000 3722.800000
4 3440.000000 3.149600 4.749700 2454.240000 3740.510000
4 3520.000000 3.145800 4.755000 2453.880000 3722.800000
4 3520.000000 3.149600 4.749700 2454.240000 3740.510000
4 3600.000000 3.145800 4.755000 2453.880000 3722.800000
4 3600.000000 3.149600 4.749700 2454.240000 3740.510000
4 3680.000000 3.145800 4.755000 2453.880000 3722.800000
4 3680.000000 3.149600 4.749700 2454.240000 3740.510000
4 3760.000000 3.145800 4.755000 2453.880000 3722.800000
4 3760.000000 3.149600 4.749700 2454.240000 3740.510000
4 3840.000000 3.145800 4.755000 2453.880000 3722.800000
4 3840.000000 3.149600 4.749700 2454.240000 3740.510000
4 3920.000000 3.145800 4.755000 2453.880000 3722.800000
4 3920.000000 3.149600 4.749700 2454.240000 3740.510000
4 4000.000000 3.145800 4.755000 2453.880000 3722.800000
4 4000.000000 3.149600 4.749700 2454.240000 3740.510000
7 140.000000 3.145800 4.755000 2453.880000 3722.800000
7 140.000000 3.149600 4.749700 2454.240000 3740.510000
7 280.000000 3.145800 4.755000 2453.880000 3722.800000
7 280.000000 3.149600 4.749700 2454.240000 3740.510000
7 420.000000 3.145800 4.755000 2453.880000 3722.800000
7 420.000000 3.149600 4.749700 2454.240000 3740.510000
7 560.000000 3.145800 4.755000 2453.880000 3722.800000
7 560.000000 3.149600 4.749700 2454.240000 3740.510000
7 700.000000 3.145800 4.755000 2453.880000 3722.800000
7 700.000000 3.149600 4.749700 2454.240000 3740.510000
7 840.000000 3.145800 4.755000 2453.880000 3722.800000
7 840.000000 3.149600 4.749700 2454.240000 3740.510000
7 980.000000 3.145800 4.755000 2453.880000 3722.800000
7 980.000000 3.149600 4.749700 2454.240000 3740.510000
7 1120.000000 3.145800 4.755000 2453.880000 3722.800000
7 1120.000000 3.149600 4.749700 2454.240000 3740.510000
7 1260.000000 3.145800 4.755000 2453.880000 3722.800000
7 1260.000000 3.149600 4.749700 2454.240000 3740.510000
7 1400.000000 3.145800 4.755000 2453.880000 3722.800000
7 1400.000000 3.149600 4.749700 2454.240000 3740.510000
7 1540.000000 3.145800 4.755000 2453.880000 3722.800000
7 1540.000000 3.149600 4.749700 2454.240000 3740.510000
7 1680.000000 3.145800 4.755000 2453.880000 3722.800000
7 1680.000000 3.149600 4.749700 2454.240000 3740.510000
7 1820.000000 3.145800 4.755000 2453.880000 3722.800000
7 1820.000000 3.149600 4.749700 2454.240000 3740.510000
7 1960.000000 3.145800 4.755000 2453.880000 3722.800000
7 1960.000000 3.149600 4.749700 2454.240000 3740.510000
7 2100.000000 3.145800 4.755000 2453.880000 3722.800000
7 2100.000000 3.149600 4.749700 2454.240000 3740.510000
7 2240.000000 3.145800 4.755000 2453.880000 3722.800000
7 2240.000000 3.149600 4.749700 2454.240000 3740.510000
7 2380.000000 3.145800 4.755000 2453.880000 3722.800000
7 2380.000000 3.149600 4.749700 2454.240000 3740.510000
7 2520.000000 3.145800 4.755000 2453.880000 3722.800000
7 2520.000000 3.149600 4.749700 2454.240000 3740.510000
7 2660.000000 3.145800 4.755000 2453.880000 3722.800000
7 2660.000000 3.149600 4.749700 2454.240000 3740.510000
7 2800.000000 3.145800 4.755000 2453.880000 3722.800000
7 2800.000000 3.149600 4.749700 2454.240000 3740.510000
7 2940.000000 3.145800 4.755000 2453.880000 3722.800000
7 2940.000000 3.149600 4.749700 2454.240000 3740.510000
7 3080.000000 3.145800 4.755000 2453.880000 3722.800000
7 3080.000000 3.149600 4.749700 2454.240000 3740.510000
7 3220.000000 3.145800 4.755000 2453.880000 3722.800000
7 3220.000000 3.149600 4.749700 2454.240000 3740.510000
7 3360.000000 3.145800 4.755000 2453.880000 3722.800000
7 3360.000000 3.149600 4.749700 2454.240000 3740.510000
7 3500.000000 3.145800 4.755000 2453.880000 3722.800000
7 3500.000000 3.149600 4.749700 2454.240000 3740.510000
7 3640.000000 3.145800 4.755000 2453.880000 3722.800000
7 3640.000000 3.149600 4.749700 2454.240000 3740.510000
7 3780.000000 3.145800 4.755000 2453.880000 3722.800000
7 3780.000000 3.149600 4.749700 2454.240000 3740.510000
7 3920.000000 3.145800 4.755000 2453.880000 3722.800000
7 3920.000000 3.149600 4.749700 2454.240000 3740.510000
7 4060.000000 3.145800 4.755000 2453.880000 3722.800000
7 4060.000000 3.149600 4.749700 2454.240000 3740.510000
7 4200.000000 3.145800 4.755000 2453.880000 3722.800000
7 4200.000000 3.149600 4.749700 2454.240000 3740.510000
7 4340.000000 3.145800 4.755000 2453.880000 3722.800000
7 4340.000000 3.149600 4.749700 2454.240000 3740.510000
7 4480.000000 3.145800 4.755000 2453.880000 3722.800000
7 4480.000000 3.149600 4.749700 2454.240000 3740.510000
7 4620.000000 3.145800 4.755000 2453.880000 3722.800000
7 4620.000000 3.149600 4.749700 2454.240000 3740.510000
7 4760.000000 3.145800 4.755000 2453.880000 3722.800000
7 4760.000000 3.149600 4.749700 2454.240000 3740.510000
7 4900.000000 3.145800 4.755000 2453.880000 3722.800000
7 4900.000000 3.149600 4.749700 2454.240000 3740.510000
7 5040.000000 3.145800 4.755000 2453.880000 3722.800000
7 5040.000000 3.149600 4.749700 2454.240000 3740.510000
7 5180.000000 3.145800 4.755000 2453.880000 3722.800000
7 5180.000000 3.149600 4.749700 2454.240000 3740.510000
7 5320.000000 3.145800 4.755000 2453.880000 3722.800000
7 5320.000000 3.149600 4.749700 2454.240000 3740.510000
7 5460.000000 3.145800 4.755000 2453.880000 3722.800000
7 5460.000000 3.149600 4.749700 2454.240000 3740.510000
7 5600.000000 3.145800 4.755000 2453.880000 3722.800000
7 5600.000000 3.149600 4.749700 2454.240000 3740.510000
7 5740.000000 3.145800 4.755000 2453.880000 3722.800000
7 5740.000000 3.149600 4.749700 2454.240000 3740.510000
7 5880.000000 3.145800 4.755000 2453.880000 3722.800000
7 5880.000000 3.149600 4.749700 2454.240000 3740.510000
7 6020.000000 3.145800 4.755000 2453.880000 3722.800000
7 6020.000000 3.149600 4.749700 2454.240000 3740.510000
7 6160.000000 3.145800 4.755000 2453.880000 3722.800000
7 6160.000000 3.149600 4.749700 2454.240000 3740.510000
7 6300.000000 3.145800 4.755000 2453.880000 3722.800000
7 6300.000000 3.149600 4.749700 2454.240000 3740.510000
7 6440.000000 3.145800 4.755000 2453.880000 3722.800000
7 6440.000000 3.149600 4.749700 2454.240000 3740.510000
7 6580.000000 3.145800 4.755000 2453.880000 3722.800000
7 6580.000000 3.149600 4.749700 2454.240000 3740.510000
7 6720.000000 3.145800 4.755000 2453.880000 3722.800000
7 6720.000000 3.149600 4.749700 2454.240000 3740.510000
7 6860.000000 3.145800 4.755000 2453.880000 3722.800000
7 6860.000000 3.149600 4.749700 2454.240000 3740.510000
7 7000.000000 3.145800 4.755000 2453.880000 3722.800000
7 7000.000000 3.149600 4.749700 2454.240000 3740.510000
