1 20.000000 10 0.000000 37 1.000000 0.000000 1.000000 1.000000 0.547025 0.094771 0.589954
1 20.000000 8569 0.000000 43 1.000000 0.000000 1.000000 1.000000 0.545528 0.095191 0.588790
1 40.000000 10 0.000000 69 1.000000 0.000000 1.000400 1.000400 0.812281 0.041590 0.820089
1 40.000000 8569 0.000000 70 1.000000 0.000000 1.000500 1.000500 0.822894 0.039394 0.829870
1 60.000000 10 0.000200 94 1.000000 0.000000 1.004801 1.004801 0.899584 0.022747 0.901868
1 60.000000 8569 0.000300 93 1.000000 0.000000 1.005602 1.005602 0.899471 0.022817 0.901764
1 80.000000 10 0.002400 116 1.000000 0.000000 1.020850 1.020850 0.924194 0.017459 0.925517
1 80.000000 8569 0.002800 117 1.000000 0.000000 1.022964 1.022964 0.921699 0.018085 0.923115
1 100.000000 10 0.008500 147 1.000000 0.000000 1.060111 1.060111 0.927929 0.017093 0.929161
1 100.000000 8569 0.010400 153 1.000000 0.000000 1.053153 1.053153 0.928886 0.016862 0.930085
1 120.000000 10 0.023000 180 1.000000 0.000000 1.115865 1.115865 0.935319 0.016080 0.936359
1 120.000000 8569 0.024000 170 1.000000 0.000000 1.103689 1.103689 0.933383 0.016477 0.934481
1 140.000000 10 0.041800 198 1.000000 0.000000 1.160927 1.160927 0.938801 0.015937 0.939776
1 140.000000 8569 0.042900 197 1.000000 0.000000 1.150350 1.150350 0.936717 0.016383 0.937754
1 160.000000 10 0.068700 224 1.000000 0.000000 1.193493 1.193493 0.940345 0.016160 0.941309
1 160.000000 8569 0.069900 241 1.000000 0.000000 1.201484 1.201484 0.940550 0.016215 0.941514
1 180.000000 10 0.095200 246 1.000000 0.000000 1.229332 1.229332 0.943072 0.016128 0.943990
1 180.000000 8569 0.098700 246 1.000000 0.000000 1.231554 1.231554 0.941853 0.016495 0.942812
1 200.000000 10 0.123300 270 1.000000 0.000000 1.259610 1.259610 0.945375 0.016199 0.946259
1 200.000000 8569 0.120500 266 1.000000 0.000000 1.241615 1.241615 0.943860 0.016401 0.944781
1 220.000000 10 0.148100 276 1.000000 0.000000 1.265642 1.265642 0.946371 0.016381 0.947250
1 220.000000 8569 0.144200 282 1.000000 0.000000 1.269105 1.269105 0.946100 0.016328 0.946980
1 240.000000 10 0.171500 317 1.000000 0.000000 1.286783 1.286783 0.947757 0.016501 0.948619
1 240.000000 8569 0.168100 308 1.000000 0.000000 1.275153 1.275153 0.947098 0.016487 0.947971
1 260.000000 10 0.197900 329 1.000000 0.000000 1.292607 1.292607 0.950255 0.016014 0.951051
1 260.000000 8569 0.186200 309 1.000000 0.000000 1.283854 1.283854 0.948040 0.016526 0.948899
1 280.000000 10 0.212600 350 1.000000 0.000000 1.298832 1.298832 0.949007 0.016859 0.949866
1 280.000000 8569 0.200900 332 1.000000 0.000000 1.286572 1.286572 0.948259 0.016655 0.949121
1 300.000000 10 0.229100 358 1.000000 0.000000 1.307952 1.307952 0.951870 0.016238 0.952651
1 300.000000 8569 0.224200 344 1.000000 0.000000 1.301495 1.301495 0.949993 0.016680 0.950827
1 320.000000 10 0.246800 379 1.000000 0.000000 1.311206 1.311206 0.951893 0.016538 0.952688
1 320.000000 8569 0.244100 367 1.000000 0.000000 1.300437 1.300437 0.950770 0.016713 0.951592
1 340.000000 10 0.259000 363 1.000000 0.000000 1.298920 1.298920 0.951289 0.016757 0.952105
1 340.000000 8569 0.257400 385 1.000000 0.000000 1.303393 1.303393 0.951642 0.016609 0.952445
1 360.000000 10 0.277200 387 1.000000 0.000000 1.322634 1.322634 0.953350 0.016607 0.954125
1 360.000000 8569 0.274600 389 1.000000 0.000000 1.312379 1.312379 0.953508 0.016326 0.954267
1 380.000000 10 0.290000 396 1.000000 0.000000 1.307465 1.307465 0.953285 0.016508 0.954056
1 380.000000 8569 0.288400 392 1.000000 0.000000 1.312254 1.312254 0.953020 0.016668 0.953803
1 400.000000 10 0.301800 419 1.000000 0.000000 1.326697 1.326697 0.954821 0.016493 0.955566
1 400.000000 8569 0.296000 409 1.000000 0.000000 1.318040 1.318040 0.952607 0.016956 0.953411
1 420.000000 10 0.315400 426 1.000000 0.000000 1.309962 1.309962 0.953899 0.016769 0.954672
1 420.000000 8569 0.303600 424 1.000000 0.000000 1.305859 1.305859 0.953935 0.016503 0.954695
1 440.000000 10 0.328000 434 1.000000 0.000000 1.311458 1.311458 0.955266 0.016464 0.956003
1 440.000000 8569 0.316600 436 1.000000 0.000000 1.309921 1.309921 0.953894 0.016804 0.954669
1 460.000000 10 0.342000 465 1.000000 0.000000 1.327660 1.327660 0.955812 0.016608 0.956546
1 460.000000 8569 0.327200 446 1.000000 0.000000 1.315101 1.315101 0.955259 0.016441 0.955994
1 480.000000 10 0.347900 460 1.000000 0.000000 1.305781 1.305781 0.955877 0.016492 0.956605
1 480.000000 8569 0.335100 456 1.000000 0.000000 1.299444 1.299444 0.955393 0.016427 0.956126
1 500.000000 10 0.363900 473 1.000000 0.000000 1.321648 1.321648 0.956201 0.016859 0.956939
1 500.000000 8569 0.350400 473 1.000000 0.000000 1.312500 1.312500 0.956044 0.016679 0.956777
1 520.000000 10 0.369500 480 1.000000 0.000000 1.322284 1.322284 0.956557 0.016673 0.957281
1 520.000000 8569 0.364500 471 1.000000 0.000000 1.321637 1.321637 0.956541 0.016598 0.957263
1 540.000000 10 0.376200 481 1.000000 0.000000 1.313081 1.313081 0.956582 0.016715 0.957307
1 540.000000 8569 0.373300 479 1.000000 0.000000 1.304611 1.304611 0.955691 0.016861 0.956438
1 560.000000 10 0.389900 495 1.000000 0.000000 1.312244 1.312244 0.957107 0.016655 0.957821
1 560.000000 8569 0.379900 495 1.000000 0.000000 1.311724 1.311724 0.956991 0.016572 0.957703
1 580.000000 10 0.393800 505 1.000000 0.000000 1.301551 1.301551 0.956445 0.016896 0.957181
1 580.000000 8569 0.381700 499 1.000000 0.000000 1.300501 1.300501 0.956469 0.016715 0.957196
1 600.000000 10 0.406800 516 1.000000 0.000000 1.303608 1.303608 0.957726 0.016502 0.958423
1 600.000000 8569 0.399800 505 1.000000 0.000000 1.287404 1.287404 0.956230 0.016762 0.956964
1 620.000000 10 0.413400 515 1.000000 0.000000 1.293045 1.293045 0.957575 0.016557 0.958278
1 620.000000 8569 0.410400 539 1.000000 0.000000 1.300373 1.300373 0.956130 0.017139 0.956882
1 640.000000 10 0.419100 525 1.000000 0.000000 1.287485 1.287485 0.958209 0.016345 0.958892
1 640.000000 8569 0.411500 543 1.000000 0.000000 1.296177 1.296177 0.956927 0.016916 0.957656
1 660.000000 10 0.424200 542 1.000000 0.000000 1.305662 1.305662 0.958937 0.016434 0.959612
1 660.000000 8569 0.415400 527 1.000000 0.000000 1.285665 1.285665 0.957417 0.016784 0.958132
1 680.000000 10 0.439700 555 1.000000 0.000000 1.302517 1.302517 0.958497 0.016726 0.959191
1 680.000000 8569 0.425300 551 1.000000 0.000000 1.293892 1.293892 0.957019 0.017054 0.957752
1 700.000000 10 0.444600 555 1.000000 0.000000 1.302665 1.302665 0.959190 0.016477 0.959862
1 700.000000 8569 0.430100 566 1.000000 0.000000 1.300053 1.300053 0.958238 0.016814 0.958940
1 720.000000 10 0.446800 573 1.000000 0.000000 1.315257 1.315257 0.959033 0.016777 0.959721
1 720.000000 8569 0.437500 554 1.000000 0.000000 1.283022 1.283022 0.958026 0.016749 0.958729
1 740.000000 10 0.448800 579 1.000000 0.000000 1.281567 1.281567 0.958483 0.016668 0.959175
1 740.000000 8569 0.447200 581 1.000000 0.000000 1.292692 1.292692 0.958598 0.016889 0.959297
1 760.000000 10 0.457300 587 1.000000 0.000000 1.291321 1.291321 0.959240 0.016573 0.959916
1 760.000000 8569 0.456600 586 1.000000 0.000000 1.283033 1.283033 0.958363 0.016814 0.959063
1 780.000000 10 0.465700 599 1.000000 0.000000 1.281490 1.281490 0.959205 0.016499 0.959878
1 780.000000 8569 0.460200 579 1.000000 0.000000 1.284735 1.284735 0.958756 0.016729 0.959446
1 800.000000 10 0.465300 588 1.000000 0.000000 1.298859 1.298859 0.959617 0.016636 0.960288
1 800.000000 8569 0.463800 606 1.000000 0.000000 1.306789 1.306789 0.959616 0.016762 0.960293
1 820.000000 10 0.474000 600 1.000000 0.000000 1.283840 1.283840 0.959488 0.016648 0.960162
1 820.000000 8569 0.463700 594 1.000000 0.000000 1.277084 1.277084 0.958954 0.016765 0.959642
1 840.000000 10 0.483900 606 1.000000 0.000000 1.284441 1.284441 0.959677 0.016642 0.960348
1 840.000000 8569 0.470500 607 1.000000 0.000000 1.283853 1.283853 0.960084 0.016565 0.960746
1 860.000000 10 0.486200 627 1.000000 0.000000 1.284741 1.284741 0.960329 0.016470 0.960982
1 860.000000 8569 0.479800 622 1.000000 0.000000 1.287389 1.287389 0.959999 0.016617 0.960663
1 880.000000 10 0.491000 621 1.000000 0.000000 1.290177 1.290177 0.960473 0.016473 0.961124
1 880.000000 8569 0.487600 619 1.000000 0.000000 1.282592 1.282592 0.960083 0.016527 0.960743
1 900.000000 10 0.493100 634 1.000000 0.000000 1.275597 1.275597 0.959513 0.016679 0.960188
1 900.000000 8569 0.492800 630 1.000000 0.000000 1.275828 1.275828 0.959888 0.016638 0.960555
1 920.000000 10 0.501800 640 1.000000 0.000000 1.277599 1.277599 0.960366 0.016530 0.961021
1 920.000000 8569 0.493200 641 1.000000 0.000000 1.286306 1.286306 0.960460 0.016552 0.961115
1 940.000000 10 0.507200 643 1.000000 0.000000 1.274959 1.274959 0.960725 0.016406 0.961369
1 940.000000 8569 0.496200 639 1.000000 0.000000 1.273323 1.273323 0.959391 0.016827 0.960074
1 960.000000 10 0.511100 643 1.000000 0.000000 1.272653 1.272653 0.960742 0.016403 0.961386
1 960.000000 8569 0.502200 655 1.000000 0.000000 1.272800 1.272800 0.959644 0.016900 0.960326
1 980.000000 10 0.512400 657 1.000000 0.000000 1.264151 1.264151 0.960660 0.016418 0.961305
1 980.000000 8569 0.513700 666 1.000000 0.000000 1.276990 1.276990 0.959872 0.016938 0.960552
1 1000.000000 10 0.521700 660 1.000000 0.000000 1.270332 1.270332 0.960151 0.016793 0.960820
1 1000.000000 8569 0.513800 659 1.000000 0.000000 1.266968 1.266968 0.960078 0.016702 0.960745
4 80.000000 10 0.000000 110 1.000000 0.000000 1.000000 1.000000 1.000000 -0.116596 1.000000
4 80.000000 8569 0.000000 111 1.000000 0.000000 1.000000 1.000000 1.000000 -0.167378 1.000000
4 160.000000 10 0.000000 191 1.000000 0.000000 1.000000 1.000000 1.000000 -0.774603 1.000000
4 160.000000 8569 0.000000 204 1.000000 0.000000 1.000000 1.000000 1.000000 -0.885470 1.000000
4 240.000000 10 0.000000 281 1.000000 0.000000 1.000000 1.000000 1.000000 -0.990632 1.000000
4 240.000000 8569 0.000000 293 1.000000 0.000000 1.000000 1.000000 1.000000 -0.902097 1.000000
4 320.000000 10 0.000000 372 1.000000 0.000000 1.000000 1.000000 1.000000 -1.012738 1.000000
4 320.000000 8569 0.000000 374 1.000000 0.000000 1.000000 1.000000 1.000000 -0.857575 1.000000
4 400.000000 10 0.000000 453 1.001100 0.000000 1.001100 1.001100 1.000000 -0.815884 1.000000
4 400.000000 8569 0.000000 449 1.000000 0.000000 1.000100 1.000100 1.000000 -0.870035 1.000000
4 480.000000 10 0.000700 548 1.009507 0.000000 1.011308 1.011308 1.000000 -0.782786 1.000000
4 480.000000 8569 0.000300 534 1.009803 0.000000 1.011904 1.011904 1.000000 -1.042055 1.000000
4 560.000000 10 0.006000 674 1.033903 0.000000 1.045775 1.045775 1.000000 -0.801931 1.000000
4 560.000000 8569 0.005600 641 1.030571 0.000000 1.038113 1.038113 1.000000 -0.780611 1.000000
4 640.000000 10 0.017800 815 1.069945 0.000000 1.093973 1.093973 1.000000 -0.728642 1.000000
4 640.000000 8569 0.016500 750 1.064769 0.000000 1.084087 1.084087 1.000000 -0.837077 1.000000
4 720.000000 10 0.034700 888 1.103698 0.000000 1.134570 1.134570 1.000000 -0.809522 1.000000
4 720.000000 8569 0.034100 875 1.103220 0.000000 1.136350 1.136350 1.000000 -0.829786 1.000000
4 800.000000 10 0.050000 988 1.140632 0.000000 1.184737 1.184737 1.000000 -0.712327 1.000000
4 800.000000 8569 0.051500 975 1.133579 0.000000 1.178598 1.178598 1.000000 -0.764284 1.000000
4 880.000000 10 0.077400 1081 1.156297 0.000000 1.207457 1.207457 1.000000 -0.786763 1.000000
4 880.000000 8569 0.072000 1069 1.147198 0.000000 1.193319 1.193319 1.000000 -0.874998 1.000000
4 960.000000 10 0.097800 1163 1.178896 0.000000 1.232321 1.232321 1.000000 -0.801800 1.000000
4 960.000000 8569 0.094300 1142 1.162747 0.000000 1.212432 1.212432 1.000000 -0.942305 1.000000
4 1040.000000 10 0.113600 1250 1.179264 0.000000 1.239621 1.239621 1.000000 -1.280895 1.000000
4 1040.000000 8569 0.114900 1205 1.182239 0.000000 1.239860 1.239860 1.000000 -0.876104 1.000000
4 1120.000000 10 0.136800 1331 1.199143 0.000000 1.260542 1.260542 1.000000 -1.348833 1.000000
4 1120.000000 8569 0.133900 1293 1.179540 0.000000 1.241658 1.241658 1.000000 -0.836954 1.000000
4 1200.000000 10 0.149000 1383 1.192127 0.000000 1.257462 1.257462 1.000000 -0.841119 1.000000
4 1200.000000 8569 0.151200 1377 1.192978 0.000000 1.255184 1.255184 1.000000 -0.872547 1.000000
4 1280.000000 10 0.165500 1446 1.199281 0.000000 1.265788 1.265788 1.000000 -0.941173 1.000000
4 1280.000000 8569 0.163300 1418 1.203777 0.000000 1.268794 1.268794 1.000000 -0.784088 1.000000
4 1360.000000 10 0.181000 1487 1.191941 0.000000 1.257509 1.257509 1.000000 -0.927081 1.000000
4 1360.000000 8569 0.178200 1461 1.195546 0.000000 1.257484 1.257484 1.000000 -0.873682 1.000000
4 1440.000000 10 0.200700 1558 1.201551 0.000000 1.266733 1.266733 1.000000 -0.726314 1.000000
4 1440.000000 8569 0.194700 1522 1.197318 0.000000 1.263753 1.263753 1.000000 -0.780217 1.000000
4 1520.000000 10 0.212300 1614 1.190682 0.000000 1.259109 1.259109 1.000000 -0.814812 1.000000
4 1520.000000 8569 0.211600 1620 1.201801 0.000000 1.273592 1.273592 1.000000 -0.911389 1.000000
4 1600.000000 10 0.227100 1655 1.201837 0.000000 1.271833 1.271833 1.000000 -0.930230 1.000000
4 1600.000000 8569 0.219300 1619 1.199436 0.000000 1.263225 1.263225 1.000000 -0.894734 1.000000
4 1680.000000 10 0.238600 1696 1.198319 0.000000 1.268978 1.268978 1.000000 -0.886073 1.000000
4 1680.000000 8569 0.231800 1712 1.205025 0.000000 1.278964 1.278964 1.000000 -0.785712 1.000000
4 1760.000000 10 0.253600 1783 1.210745 0.000000 1.282422 1.282422 1.000000 -0.840577 1.000000
4 1760.000000 8569 0.247200 1756 1.208555 0.000000 1.280420 1.280420 1.000000 -0.922075 1.000000
4 1840.000000 10 0.264100 1825 1.217013 0.000000 1.278842 1.278842 1.000000 -0.816898 1.000000
4 1840.000000 8569 0.259400 1806 1.211180 0.000000 1.279503 1.279503 1.000000 -0.899997 1.000000
4 1920.000000 10 0.268600 1815 1.197019 0.000000 1.261143 1.261143 1.000000 -0.943659 1.000000
4 1920.000000 8569 0.266100 1828 1.202207 0.000000 1.266930 1.266930 1.000000 -0.795178 1.000000
4 2000.000000 10 0.285900 1865 1.202493 0.000000 1.270830 1.270830 1.000000 -0.898547 1.000000
4 2000.000000 8569 0.279600 1865 1.203498 0.000000 1.273737 1.273737 1.000000 -0.913040 1.000000
4 2080.000000 10 0.293600 1906 1.196348 0.000000 1.263732 1.263732 1.000000 -0.822577 1.000000
4 2080.000000 8569 0.292100 1920 1.209069 0.000000 1.276875 1.276875 1.000000 -0.814812 1.000000
4 2160.000000 10 0.304700 1957 1.195311 0.000000 1.265928 1.265928 1.000000 -0.818179 1.000000
4 2160.000000 8569 0.301800 1944 1.204669 0.000000 1.272128 1.272128 1.000000 -0.684781 1.000000
4 2240.000000 10 0.311900 1972 1.193286 0.000000 1.265659 1.265659 1.000000 -0.723682 1.000000
4 2240.000000 8569 0.302900 1973 1.198250 0.000000 1.267680 1.267680 1.000000 -0.914283 1.000000
4 2320.000000 10 0.321800 1982 1.203185 0.000000 1.268800 1.268800 1.000000 -0.825394 1.000000
4 2320.000000 8569 0.313300 1986 1.183049 0.000000 1.242027 1.242027 1.000000 -0.802814 1.000000
4 2400.000000 10 0.331700 2028 1.194374 0.000000 1.257968 1.257968 1.000000 -0.999996 1.000000
4 2400.000000 8569 0.319800 2023 1.186857 0.000000 1.253455 1.253455 1.000000 -0.985504 1.000000
4 2480.000000 10 0.338700 2071 1.194163 0.000000 1.261908 1.261908 1.000000 -0.915250 1.000000
4 2480.000000 8569 0.332700 2047 1.191968 0.000000 1.262101 1.262101 1.000000 -0.983867 1.000000
4 2560.000000 10 0.345500 2125 1.191291 0.000000 1.256379 1.256379 1.000000 -0.779409 1.000000
4 2560.000000 8569 0.334900 2039 1.182830 0.000000 1.251391 1.251391 1.000000 -0.708331 1.000000
4 2640.000000 10 0.348300 2079 1.176768 0.000000 1.236458 1.236458 1.000000 -0.885242 1.000000
4 2640.000000 8569 0.342600 2059 1.181016 0.000000 1.245817 1.245817 1.000000 -0.605261 1.000000
4 2720.000000 10 0.355200 2139 1.179435 0.000000 1.243641 1.243641 1.000000 -0.825394 1.000000
4 2720.000000 8569 0.354100 2127 1.190122 0.000000 1.256077 1.256077 1.000000 -0.825394 1.000000
4 2800.000000 10 0.364700 2183 1.189517 0.000000 1.259562 1.259562 1.000000 -0.878785 1.000000
4 2800.000000 8569 0.358600 2150 1.178828 0.000000 1.244465 1.244465 1.000000 -0.791664 1.000000
4 2880.000000 10 0.372400 2200 1.180529 0.000000 1.244583 1.244583 1.000000 -1.053567 1.000000
4 2880.000000 8569 0.368100 2173 1.177243 0.000000 1.239278 1.239278 1.000000 -0.617645 1.000000
4 2960.000000 10 0.375200 2211 1.183419 0.000000 1.243438 1.243438 1.000000 -1.185180 1.000000
4 2960.000000 8569 0.374100 2139 1.168877 0.000000 1.231347 1.231347 1.000000 -0.830983 1.000000
4 3040.000000 10 0.385700 2206 1.165066 0.000000 1.224972 1.224972 1.000000 -0.884055 1.000000
4 3040.000000 8569 0.381600 2257 1.173027 0.000000 1.238680 1.238680 1.000000 -0.764703 1.000000
4 3120.000000 10 0.396900 2235 1.163820 0.000000 1.228155 1.228155 1.000000 -0.931031 1.000000
4 3120.000000 8569 0.381300 2251 1.174560 0.000000 1.232584 1.232584 1.000000 -0.857140 1.000000
4 3200.000000 10 0.397300 2264 1.164261 0.000000 1.226813 1.226813 1.000000 -0.873013 1.000000
4 3200.000000 8569 0.390000 2263 1.172459 0.000000 1.234590 1.234590 1.000000 -0.742422 1.000000
4 3280.000000 10 0.403200 2261 1.166555 0.000000 1.227714 1.227714 1.000000 -0.799997 1.000000
4 3280.000000 8569 0.397300 2246 1.166252 0.000000 1.221171 1.221171 1.000000 -0.753621 1.000000
4 3360.000000 10 0.408000 2300 1.159459 0.000000 1.221453 1.221453 1.000000 -0.879307 1.000000
4 3360.000000 8569 0.401500 2294 1.169256 0.000000 1.234754 1.234754 1.000000 -0.805967 1.000000
4 3440.000000 10 0.415900 2290 1.161787 0.000000 1.217257 1.217257 1.000000 -0.887094 1.000000
4 3440.000000 8569 0.406000 2311 1.166498 0.000000 1.226599 1.226599 1.000000 -0.781247 1.000000
4 3520.000000 10 0.420800 2337 1.170235 0.000000 1.225656 1.225656 1.000000 -1.111107 1.000000
4 3520.000000 8569 0.414000 2308 1.158532 0.000000 1.208532 1.208532 1.000000 -0.738459 1.000000
4 3600.000000 10 0.427500 2326 1.158777 0.000000 1.212926 1.212926 1.000000 -0.964282 1.000000
4 3600.000000 8569 0.413500 2319 1.164876 0.000000 1.219267 1.219267 1.000000 -0.841267 1.000000
4 3680.000000 10 0.424800 2317 1.149861 0.000000 1.201147 1.201147 1.000000 -0.863634 1.000000
4 3680.000000 8569 0.420000 2349 1.160345 0.000000 1.217931 1.217931 1.000000 -0.559998 1.000000
4 3760.000000 10 0.424300 2364 1.155116 0.000000 1.211742 1.211742 1.000000 -0.839996 1.000000
4 3760.000000 8569 0.425300 2357 1.155559 0.000000 1.206369 1.206369 1.000000 -0.947365 1.000000
4 3840.000000 10 0.433800 2380 1.154362 0.000000 1.207171 1.207171 1.000000 -0.813556 1.000000
4 3840.000000 8569 0.430300 2370 1.160260 0.000000 1.213972 1.213972 1.000000 -0.822578 1.000000
4 3920.000000 10 0.440300 2347 1.155619 0.000000 1.207611 1.207611 1.000000 -1.170207 1.000000
4 3920.000000 8569 0.434300 2404 1.155206 0.000000 1.211066 1.211066 1.000000 -0.770489 1.000000
4 4000.000000 10 0.440600 2374 1.152485 0.000000 1.211834 1.211834 1.000000 -0.848482 1.000000
4 4000.000000 8569 0.439300 2426 1.158017 0.000000 1.210986 1.210986 1.000000 -0.682537 1.000000
7 140.000000 10 0.000000 176 1.000000 0.000000 1.000000 1.000000 1.000000 -0.104742 1.000000
7 140.000000 8569 0.000000 182 1.000000 0.000000 1.000000 1.000000 1.000000 -0.074022 1.000000
7 280.000000 10 0.000000 328 1.000000 0.000000 1.000000 1.000000 1.000000 -0.079235 1.000000
7 280.000000 8569 0.000000 336 1.000000 0.000000 1.000000 1.000000 1.000000 -0.055605 1.000000
7 420.000000 10 0.000000 470 1.000000 0.000000 1.000000 1.000000 1.000000 -0.119867 1.000000
7 420.000000 8569 0.000000 468 1.000000 0.000000 1.000000 1.000000 1.000000 -0.035126 1.000000
7 560.000000 10 0.000000 629 1.000000 0.000000 1.000000 1.000000 1.000000 -0.189258 1.000000
7 560.000000 8569 0.000000 606 1.000000 0.000000 1.000000 1.000000 1.000000 -0.216898 1.000000
7 700.000000 10 0.000000 773 1.000000 0.000000 1.000000 1.000000 1.000000 -0.246223 1.000000
7 700.000000 8569 0.000000 758 1.000000 0.000000 1.000000 1.000000 1.000000 -0.223101 1.000000
7 840.000000 10 0.000000 914 1.000700 0.000000 1.000700 1.000700 1.000000 -0.242958 1.000000
7 840.000000 8569 0.000000 900 1.000000 0.000000 1.000000 1.000000 1.000000 -0.207477 1.000000
7 980.000000 10 0.000700 1114 1.014910 0.000000 1.017112 1.017112 1.000000 -0.235546 1.000000
7 980.000000 8569 0.000500 1071 1.010005 0.000000 1.011506 1.011506 1.000000 -0.213483 1.000000
7 1120.000000 10 0.006500 1305 1.043181 0.000000 1.048918 1.048918 1.000000 -0.279703 1.000000
7 1120.000000 8569 0.006000 1237 1.039940 0.000000 1.046982 1.046982 1.000000 -0.204545 1.000000
7 1260.000000 10 0.016000 1487 1.078963 0.000000 1.089837 1.089837 1.000000 -0.307291 1.000000
7 1260.000000 8569 0.018800 1482 1.087036 0.000000 1.098757 1.098757 1.000000 -0.249350 1.000000
7 1400.000000 10 0.031200 1668 1.113543 0.000000 1.131296 1.131296 1.000000 -0.263313 1.000000
7 1400.000000 8569 0.032600 1666 1.114534 0.000000 1.134071 1.134071 1.000000 -0.221557 1.000000
7 1540.000000 10 0.049200 1841 1.130837 0.000000 1.153870 1.153870 1.000000 -0.222615 1.000000
7 1540.000000 8569 0.052500 1817 1.133931 0.000000 1.155884 1.155884 1.000000 -0.241692 1.000000
7 1680.000000 10 0.074300 2015 1.163012 0.000000 1.187642 1.187642 1.000000 -0.272414 1.000000
7 1680.000000 8569 0.068600 1964 1.157290 0.000000 1.181447 1.181447 1.000000 -0.217241 1.000000
7 1820.000000 10 0.084200 2094 1.162918 0.000000 1.190762 1.190762 1.000000 -0.229390 1.000000
7 1820.000000 8569 0.087400 2062 1.166338 0.000000 1.195376 1.195376 1.000000 -0.233813 1.000000
7 1960.000000 10 0.103200 2239 1.174398 0.000000 1.209746 1.209746 1.000000 -0.266666 1.000000
7 1960.000000 8569 0.104100 2183 1.177252 0.000000 1.208171 1.208171 1.000000 -0.244525 1.000000
7 2100.000000 10 0.121200 2339 1.190032 0.000000 1.222121 1.222121 1.000000 -0.266159 1.000000
7 2100.000000 8569 0.120100 2311 1.174224 0.000000 1.206160 1.206160 1.000000 -0.240601 1.000000
7 2240.000000 10 0.135800 2459 1.185258 0.000000 1.214071 1.214071 1.000000 -0.260000 1.000000
7 2240.000000 8569 0.130800 2358 1.176829 0.000000 1.203981 1.203981 1.000000 -0.205674 1.000000
7 2380.000000 10 0.151100 2543 1.189775 0.000000 1.225704 1.225704 1.000000 -0.199170 1.000000
7 2380.000000 8569 0.148200 2474 1.183963 0.000000 1.219183 1.219183 1.000000 -0.285714 1.000000
7 2520.000000 10 0.164300 2659 1.197320 0.000000 1.229269 1.229269 1.000000 -0.313559 1.000000
7 2520.000000 8569 0.160100 2543 1.179545 0.000000 1.212168 1.212168 1.000000 -0.290983 1.000000
7 2660.000000 10 0.176900 2714 1.189041 0.000000 1.224396 1.224396 1.000000 -0.263598 1.000000
7 2660.000000 8569 0.178100 2656 1.191751 0.000000 1.224115 1.224115 1.000000 -0.259740 1.000000
7 2800.000000 10 0.191000 2802 1.201607 0.000000 1.234734 1.234734 1.000000 -0.325471 1.000000
7 2800.000000 8569 0.187300 2717 1.183586 0.000000 1.217054 1.217054 1.000000 -0.230435 1.000000
7 2940.000000 10 0.200400 2843 1.188969 0.000000 1.224487 1.224487 1.000000 -0.270386 1.000000
7 2940.000000 8569 0.197800 2794 1.186113 0.000000 1.216280 1.216280 1.000000 -0.319047 1.000000
7 3080.000000 10 0.212200 2909 1.191800 0.000000 1.226961 1.226961 1.000000 -0.286363 1.000000
7 3080.000000 8569 0.208000 2870 1.183081 0.000000 1.221212 1.221212 1.000000 -0.285068 1.000000
7 3220.000000 10 0.225100 2963 1.191121 0.000000 1.227126 1.227126 1.000000 -0.278261 1.000000
7 3220.000000 8569 0.224200 2949 1.192189 0.000000 1.224542 1.224542 1.000000 -0.205607 1.000000
7 3360.000000 10 0.235000 3042 1.195425 0.000000 1.232026 1.232026 1.000000 -0.410810 1.000000
7 3360.000000 8569 0.228900 2982 1.186746 0.000000 1.221113 1.221113 1.000000 -0.230769 1.000000
7 3500.000000 10 0.239700 3039 1.187952 0.000000 1.221623 1.221623 1.000000 -0.419191 1.000000
7 3500.000000 8569 0.236900 2994 1.171799 0.000000 1.201415 1.201415 1.000000 -0.210970 1.000000
7 3640.000000 10 0.258300 3102 1.175677 0.000000 1.210328 1.210328 1.000000 -0.306122 1.000000
7 3640.000000 8569 0.246800 3053 1.175119 0.000000 1.209772 1.209772 1.000000 -0.240740 1.000000
7 3780.000000 10 0.262800 3136 1.190179 0.000000 1.223142 1.223142 1.000000 -0.390862 1.000000
7 3780.000000 8569 0.261500 3099 1.175220 0.000000 1.209614 1.209614 1.000000 -0.286516 1.000000
7 3920.000000 10 0.271800 3178 1.183191 0.000000 1.219445 1.219445 1.000000 -0.301020 1.000000
7 3920.000000 8569 0.261900 3126 1.174909 0.000000 1.207424 1.207424 1.000000 -0.278947 1.000000
7 4060.000000 10 0.280400 3225 1.176209 0.000000 1.205948 1.205948 1.000000 -0.438888 1.000000
7 4060.000000 8569 0.277300 3203 1.170057 0.000000 1.203266 1.203266 1.000000 -0.284946 1.000000
7 4200.000000 10 0.293300 3206 1.170652 0.000000 1.205037 1.205037 1.000000 -0.303665 1.000000
7 4200.000000 8569 0.281500 3216 1.174252 0.000000 1.201670 1.201670 1.000000 -0.271276 1.000000
7 4340.000000 10 0.294500 3234 1.162438 0.000000 1.193905 1.193905 1.000000 -0.315151 1.000000
7 4340.000000 8569 0.285200 3253 1.167879 0.000000 1.194040 1.194040 1.000000 -0.260638 1.000000
7 4480.000000 10 0.297400 3251 1.164674 0.000000 1.197979 1.197979 1.000000 -0.220588 1.000000
7 4480.000000 8569 0.298400 3289 1.163198 0.000000 1.191990 1.191990 1.000000 -0.279761 1.000000
7 4620.000000 10 0.307000 3323 1.173593 0.000000 1.205195 1.205195 1.000000 -0.228426 1.000000
7 4620.000000 8569 0.314900 3304 1.167567 0.000000 1.194424 1.194424 1.000000 -0.252688 1.000000
7 4760.000000 10 0.316000 3299 1.163012 0.000000 1.195029 1.195029 1.000000 -0.263959 1.000000
7 4760.000000 8569 0.313800 3374 1.160157 0.000000 1.191635 1.191635 1.000000 -0.248587 1.000000
7 4900.000000 10 0.328500 3336 1.163961 0.000000 1.191214 1.191214 1.000000 -0.361702 1.000000
7 4900.000000 8569 0.318500 3375 1.162876 0.000000 1.188701 1.188701 1.000000 -0.324022 1.000000
7 5040.000000 10 0.330300 3322 1.156339 0.000000 1.184710 1.184710 1.000000 -0.212766 1.000000
7 5040.000000 8569 0.321000 3423 1.158027 0.000000 1.186745 1.186745 1.000000 -0.284916 1.000000
7 5180.000000 10 0.333700 3416 1.155936 0.000000 1.184301 1.184301 1.000000 -0.224719 1.000000
7 5180.000000 8569 0.333800 3409 1.148904 0.000000 1.181177 1.181177 1.000000 -0.291208 1.000000
7 5320.000000 10 0.344600 3423 1.166463 0.000000 1.193164 1.193164 1.000000 -0.309392 1.000000
7 5320.000000 8569 0.337100 3424 1.148137 0.000000 1.176045 1.176045 1.000000 -0.177033 1.000000
7 5460.000000 10 0.348200 3449 1.151273 0.000000 1.179503 1.179503 1.000000 -0.311224 1.000000
7 5460.000000 8569 0.343300 3422 1.151058 0.000000 1.176641 1.176641 1.000000 -0.224043 1.000000
7 5600.000000 10 0.352300 3432 1.151922 0.000000 1.180948 1.180948 1.000000 -0.287234 1.000000
7 5600.000000 8569 0.349100 3458 1.145491 0.000000 1.173452 1.173452 1.000000 -0.187166 1.000000
7 5740.000000 10 0.356300 3474 1.149449 0.000000 1.177567 1.177567 1.000000 -0.255434 1.000000
7 5740.000000 8569 0.357100 3476 1.147768 0.000000 1.174677 1.174677 1.000000 -0.195980 1.000000
7 5880.000000 10 0.361700 3470 1.144603 0.000000 1.172333 1.172333 1.000000 -0.240437 1.000000
7 5880.000000 8569 0.357100 3513 1.146679 0.000000 1.174833 1.174833 1.000000 -0.254143 1.000000
7 6020.000000 10 0.374200 3491 1.139501 0.000000 1.166986 1.166986 1.000000 -0.337423 1.000000
7 6020.000000 8569 0.366700 3491 1.137376 0.000000 1.166746 1.166746 1.000000 -0.257310 1.000000
7 6160.000000 10 0.371600 3533 1.138765 0.000000 1.169478 1.169478 1.000000 -0.308988 1.000000
7 6160.000000 8569 0.371700 3489 1.142289 0.000000 1.166004 1.166004 1.000000 -0.228261 1.000000
7 6300.000000 10 0.376900 3489 1.136896 0.000000 1.163377 1.163377 1.000000 -0.226190 1.000000
7 6300.000000 8569 0.375000 3533 1.141920 0.000000 1.169280 1.169280 1.000000 -0.223463 1.000000
7 6440.000000 10 0.376500 3554 1.140176 0.000000 1.165357 1.165357 1.000000 -0.307692 1.000000
7 6440.000000 8569 0.379700 3515 1.135580 0.000000 1.160084 1.160084 1.000000 -0.243750 1.000000
7 6580.000000 10 0.386300 3501 1.134593 0.000000 1.159524 1.159524 1.000000 -0.213114 1.000000
7 6580.000000 8569 0.383200 3519 1.138619 0.000000 1.163100 1.163100 1.000000 -0.177778 1.000000
7 6720.000000 10 0.388300 3581 1.137322 0.000000 1.167239 1.167239 1.000000 -0.225131 1.000000
7 6720.000000 8569 0.387800 3542 1.129533 0.000000 1.155178 1.155178 1.000000 -0.207317 1.000000
7 6860.000000 10 0.390900 3536 1.139550 0.000000 1.164341 1.164341 1.000000 -0.254143 1.000000
7 6860.000000 8569 0.398200 3526 1.128116 0.000000 1.154370 1.154370 1.000000 -0.231579 1.000000
7 7000.000000 10 0.395200 3588 1.136078 0.000000 1.165509 1.165509 1.000000 -0.232044 1.000000
7 7000.000000 8569 0.395600 3553 1.123925 0.000000 1.148908 1.148908 1.000000 -0.222857 1.000000
