1 20.000000 10 0.000000 37 1.000000 0.000000 1.000000 1.000000 0.547025 0.094771 0.589954
1 20.000000 8569 0.000000 43 1.000000 0.000000 1.000000 1.000000 0.545528 0.095191 0.588790
1 40.000000 10 0.000400 69 1.000000 0.000000 1.000000 1.000000 0.812570 0.041540 0.820356
1 40.000000 8569 0.000200 70 1.000000 0.000000 1.000000 1.000000 0.818152 0.040406 0.825500
1 60.000000 10 0.003900 93 1.000000 0.000000 1.000000 1.000000 0.894870 0.023816 0.897374
1 60.000000 8569 0.004300 93 1.000000 0.000000 1.000000 1.000000 0.907598 0.021040 0.909543
1 80.000000 10 0.014700 107 1.000000 0.000000 1.000000 1.000000 0.919794 0.018478 0.921276
1 80.000000 8569 0.014800 108 1.000000 0.000000 1.000000 1.000000 0.921009 0.018226 0.922449
1 100.000000 10 0.033200 125 1.000000 0.000000 1.000000 1.000000 0.930105 0.016445 0.931255
1 100.000000 8569 0.032300 130 1.000000 0.000000 1.000000 1.000000 0.927819 0.016978 0.929044
1 120.000000 10 0.057700 145 1.000000 0.000000 1.000000 1.000000 0.931474 0.016479 0.932603
1 120.000000 8569 0.058100 145 1.000000 0.000000 1.000000 1.000000 0.932666 0.016256 0.933761
1 140.000000 10 0.083900 155 1.000000 0.000000 1.000000 1.000000 0.932631 0.016649 0.933753
1 140.000000 8569 0.082500 165 1.000000 0.000000 1.000000 1.000000 0.935099 0.016048 0.936141
1 160.000000 10 0.108900 173 1.000000 0.000000 1.000000 1.000000 0.934619 0.016504 0.935698
1 160.000000 8569 0.109300 179 1.000000 0.000000 1.000000 1.000000 0.935768 0.016262 0.936812
1 180.000000 10 0.135100 186 1.000000 0.000000 1.000000 1.000000 0.938480 0.015969 0.939463
1 180.000000 8569 0.131400 192 1.000000 0.000000 1.000000 1.000000 0.938093 0.015992 0.939083
1 200.000000 10 0.156300 198 1.000000 0.000000 1.000000 1.000000 0.939707 0.016023 0.940673
1 200.000000 8569 0.150800 208 1.000000 0.000000 1.000000 1.000000 0.938083 0.016359 0.939096
1 220.000000 10 0.175200 211 1.000000 0.000000 1.000000 1.000000 0.940972 0.015937 0.941912
1 220.000000 8569 0.176100 222 1.000000 0.000000 1.000000 1.000000 0.940406 0.016141 0.941367
1 240.000000 10 0.200600 223 1.000000 0.000000 1.000000 1.000000 0.941816 0.016077 0.942751
1 240.000000 8569 0.191300 232 1.000000 0.000000 1.000000 1.000000 0.941204 0.016133 0.942153
1 260.000000 10 0.216200 240 1.000000 0.000000 1.000000 1.000000 0.942258 0.016228 0.943195
1 260.000000 8569 0.209500 242 1.000000 0.000000 1.000000 1.000000 0.942736 0.016059 0.943656
1 280.000000 10 0.231400 247 1.000000 0.000000 1.000000 1.000000 0.943122 0.016151 0.944041
1 280.000000 8569 0.227500 252 1.000000 0.000000 1.000000 1.000000 0.943164 0.016205 0.944085
1 300.000000 10 0.253500 257 1.000000 0.000000 1.000000 1.000000 0.944798 0.016057 0.945684
1 300.000000 8569 0.244300 260 1.000000 0.000000 1.000000 1.000000 0.944974 0.015884 0.945848
1 320.000000 10 0.262000 266 1.000000 0.000000 1.000000 1.000000 0.946490 0.015739 0.947332
1 320.000000 8569 0.259700 272 1.000000 0.000000 1.000000 1.000000 0.944874 0.016183 0.945766
1 340.000000 10 0.280600 278 1.000000 0.000000 1.000000 1.000000 0.946065 0.016171 0.946937
1 340.000000 8569 0.275200 284 1.000000 0.000000 1.000000 1.000000 0.945495 0.016282 0.946383
1 360.000000 10 0.287200 291 1.000000 0.000000 1.000000 1.000000 0.944862 0.016624 0.945778
1 360.000000 8569 0.287500 286 1.000000 0.000000 1.000000 1.000000 0.945678 0.016390 0.946568
1 380.000000 10 0.306400 301 1.000000 0.000000 1.000000 1.000000 0.947871 0.015952 0.948702
1 380.000000 8569 0.293900 304 1.000000 0.000000 1.000000 1.000000 0.946180 0.016321 0.947058
1 400.000000 10 0.319400 306 1.000000 0.000000 1.000000 1.000000 0.947261 0.016332 0.948122
1 400.000000 8569 0.308200 312 1.000000 0.000000 1.000000 1.000000 0.947363 0.016195 0.948215
1 420.000000 10 0.326700 316 1.000000 0.000000 1.000000 1.000000 0.948860 0.016004 0.949678
1 420.000000 8569 0.317900 324 1.000000 0.000000 1.000000 1.000000 0.947797 0.016161 0.948641
1 440.000000 10 0.337000 334 1.000000 0.000000 1.000000 1.000000 0.949168 0.016098 0.949986
1 440.000000 8569 0.327800 330 1.000000 0.000000 1.000000 1.000000 0.948798 0.016060 0.949620
1 460.000000 10 0.345200 334 1.000000 0.000000 1.000000 1.000000 0.948532 0.016407 0.949377
1 460.000000 8569 0.338700 334 1.000000 0.000000 1.000000 1.000000 0.949526 0.016026 0.950335
1 480.000000 10 0.355700 348 1.000000 0.000000 1.000000 1.000000 0.949540 0.016222 0.950359
1 480.000000 8569 0.346400 345 1.000000 0.000000 1.000000 1.000000 0.949411 0.016077 0.950225
1 500.000000 10 0.363300 351 1.000000 0.000000 1.000000 1.000000 0.949978 0.016200 0.950788
1 500.000000 8569 0.359400 347 1.000000 0.000000 1.000000 1.000000 0.948792 0.016441 0.949634
1 520.000000 10 0.377100 369 1.000000 0.000000 1.000000 1.000000 0.950157 0.016402 0.950975
1 520.000000 8569 0.368900 357 1.000000 0.000000 1.000000 1.000000 0.949028 0.016539 0.949871
1 540.000000 10 0.377700 372 1.000000 0.000000 1.000000 1.000000 0.950577 0.016222 0.951378
1 540.000000 8569 0.373400 361 1.000000 0.000000 1.000000 1.000000 0.948958 0.016618 0.949806
1 560.000000 10 0.385400 373 1.000000 0.000000 1.000000 1.000000 0.950946 0.016238 0.951742
1 560.000000 8569 0.385400 373 1.000000 0.000000 1.000000 1.000000 0.949611 0.016610 0.950448
1 580.000000 10 0.396100 387 1.000000 0.000000 1.000000 1.000000 0.951361 0.016298 0.952154
1 580.000000 8569 0.392400 388 1.000000 0.000000 1.000000 1.000000 0.950229 0.016542 0.951052
1 600.000000 10 0.406400 398 1.000000 0.000000 1.000000 1.000000 0.952498 0.016122 0.953264
1 600.000000 8569 0.401000 388 1.000000 0.000000 1.000000 1.000000 0.951244 0.016355 0.952042
1 620.000000 10 0.416800 398 1.000000 0.000000 1.000000 1.000000 0.951776 0.016400 0.952567
1 620.000000 8569 0.403500 398 1.000000 0.000000 1.000000 1.000000 0.951630 0.016285 0.952418
1 640.000000 10 0.416200 404 1.000000 0.000000 1.000000 1.000000 0.953073 0.016035 0.953825
1 640.000000 8569 0.414900 408 1.000000 0.000000 1.000000 1.000000 0.950468 0.016880 0.951304
1 660.000000 10 0.424900 413 1.000000 0.000000 1.000000 1.000000 0.951339 0.016691 0.952151
1 660.000000 8569 0.421300 421 1.000000 0.000000 1.000000 1.000000 0.952616 0.016315 0.953389
1 680.000000 10 0.432000 420 1.000000 0.000000 1.000000 1.000000 0.952244 0.016435 0.953029
1 680.000000 8569 0.424000 423 1.000000 0.000000 1.000000 1.000000 0.951390 0.016682 0.952201
1 700.000000 10 0.439100 426 1.000000 0.000000 1.000000 1.000000 0.952523 0.016476 0.953305
1 700.000000 8569 0.430000 434 1.000000 0.000000 1.000000 1.000000 0.951844 0.016663 0.952647
1 720.000000 10 0.441100 436 1.000000 0.000000 1.000000 1.000000 0.952655 0.016330 0.953428
1 720.000000 8569 0.437800 441 1.000000 0.000000 1.000000 1.000000 0.951850 0.016647 0.952652
1 740.000000 10 0.447500 448 1.000000 0.000000 1.000000 1.000000 0.953232 0.016298 0.953994
1 740.000000 8569 0.444400 449 1.000000 0.000000 1.000000 1.000000 0.952443 0.016638 0.953234
1 760.000000 10 0.451700 454 1.000000 0.000000 1.000000 1.000000 0.952976 0.016467 0.953751
1 760.000000 8569 0.446000 448 1.000000 0.000000 1.000000 1.000000 0.952854 0.016512 0.953632
1 780.000000 10 0.461900 452 1.000000 0.000000 1.000000 1.000000 0.954491 0.016064 0.955222
1 780.000000 8569 0.453400 457 1.000000 0.000000 1.000000 1.000000 0.953471 0.016508 0.954239
1 800.000000 10 0.467500 459 1.000000 0.000000 1.000000 1.000000 0.953761 0.016604 0.954529
1 800.000000 8569 0.459500 460 1.000000 0.000000 1.000000 1.000000 0.954350 0.016250 0.955091
1 820.000000 10 0.470800 467 1.000000 0.000000 1.000000 1.000000 0.952894 0.016770 0.953684
1 820.000000 8569 0.468500 470 1.000000 0.000000 1.000000 1.000000 0.953326 0.016764 0.954108
1 840.000000 10 0.479700 483 1.000000 0.000000 1.000000 1.000000 0.955159 0.016158 0.955884
1 840.000000 8569 0.472200 472 1.000000 0.000000 1.000000 1.000000 0.952811 0.016916 0.953609
1 860.000000 10 0.483700 476 1.000000 0.000000 1.000000 1.000000 0.953544 0.016662 0.954318
1 860.000000 8569 0.476100 483 1.000000 0.000000 1.000000 1.000000 0.953931 0.016673 0.954699
1 880.000000 10 0.493900 481 1.000000 0.000000 1.000000 1.000000 0.954985 0.016352 0.955721
1 880.000000 8569 0.481900 487 1.000000 0.000000 1.000000 1.000000 0.954347 0.016465 0.955099
1 900.000000 10 0.491800 487 1.000000 0.000000 1.000000 1.000000 0.954905 0.016416 0.955645
1 900.000000 8569 0.488100 489 1.000000 0.000000 1.000000 1.000000 0.954074 0.016712 0.954842
1 920.000000 10 0.496100 491 1.000000 0.000000 1.000000 1.000000 0.953646 0.016825 0.954426
1 920.000000 8569 0.490000 498 1.000000 0.000000 1.000000 1.000000 0.954285 0.016752 0.955051
1 940.000000 10 0.497300 505 1.000000 0.000000 1.000000 1.000000 0.955674 0.016213 0.956393
1 940.000000 8569 0.492800 496 1.000000 0.000000 1.000000 1.000000 0.953574 0.016930 0.954360
1 960.000000 10 0.503400 507 1.000000 0.000000 1.000000 1.000000 0.954549 0.016651 0.955306
1 960.000000 8569 0.500900 510 1.000000 0.000000 1.000000 1.000000 0.955288 0.016564 0.956029
1 980.000000 10 0.511500 514 1.000000 0.000000 1.000000 1.000000 0.954501 0.016796 0.955265
1 980.000000 8569 0.503600 525 1.000000 0.000000 1.000000 1.000000 0.954910 0.016753 0.955665
1 1000.000000 10 0.509600 513 1.000000 0.000000 1.000000 1.000000 0.956020 0.016208 0.956733
1 1000.000000 8569 0.508500 534 1.000000 0.000000 1.000000 1.000000 0.955519 0.016583 0.956257
4 80.000000 10 0.000000 110 1.000000 0.000000 1.000000 1.000000 1.000000 -0.116596 1.000000
4 80.000000 8569 0.000000 111 1.000000 0.000000 1.000000 1.000000 1.000000 -0.167378 1.000000
4 160.000000 10 0.000000 191 1.000000 0.000000 1.000000 1.000000 1.000000 -0.774603 1.000000
4 160.000000 8569 0.000000 204 1.000000 0.000000 1.000000 1.000000 1.000000 -0.885470 1.000000
4 240.000000 10 0.000000 281 1.000000 0.000000 1.000000 1.000000 1.000000 -0.990632 1.000000
4 240.000000 8569 0.000000 293 1.000000 0.000000 1.000000 1.000000 1.000000 -0.902097 1.000000
4 320.000000 10 0.000000 372 1.000000 0.000000 1.000000 1.000000 1.000000 -1.012738 1.000000
4 320.000000 8569 0.000000 374 1.000000 0.000000 1.000000 1.000000 1.000000 -0.857575 1.000000
4 400.000000 10 0.000900 452 1.000000 0.000000 1.000000 1.000000 1.000000 -0.814814 1.000000
4 400.000000 8569 0.000100 449 1.000000 0.000000 1.000000 1.000000 1.000000 -0.971014 1.000000
4 480.000000 10 0.006100 530 1.000000 0.000000 1.000000 1.000000 1.000000 -0.885375 1.000000
4 480.000000 8569 0.005900 525 1.000000 0.000000 1.000000 1.000000 1.000000 -1.013273 1.000000
4 560.000000 10 0.018000 608 1.000000 0.000000 1.000000 1.000000 1.000000 -0.902911 1.000000
4 560.000000 8569 0.018800 598 1.000000 0.000000 1.000000 1.000000 1.000000 -0.767122 1.000000
4 640.000000 10 0.037600 669 1.000000 0.000000 1.000000 1.000000 1.000000 -0.860102 1.000000
4 640.000000 8569 0.035400 669 1.000000 0.000000 1.000000 1.000000 1.000000 -0.808510 1.000000
4 720.000000 10 0.058200 728 1.000000 0.000000 1.000000 1.000000 1.000000 -0.969695 1.000000
4 720.000000 8569 0.053400 728 1.000000 0.000000 1.000000 1.000000 1.000000 -0.861110 1.000000
4 800.000000 10 0.073700 791 1.000000 0.000000 1.000000 1.000000 1.000000 -0.853106 1.000000
4 800.000000 8569 0.073600 782 1.000000 0.000000 1.000000 1.000000 1.000000 -0.871620 1.000000
4 880.000000 10 0.101100 836 1.000000 0.000000 1.000000 1.000000 1.000000 -0.854650 1.000000
4 880.000000 8569 0.095800 842 1.000000 0.000000 1.000000 1.000000 1.000000 -0.832334 1.000000
4 960.000000 10 0.113500 896 1.000000 0.000000 1.000000 1.000000 1.000000 -1.083914 1.000000
4 960.000000 8569 0.111700 885 1.000000 0.000000 1.000000 1.000000 1.000000 -0.931971 1.000000
4 1040.000000 10 0.133000 957 1.000000 0.000000 1.000000 1.000000 1.000000 -0.894038 1.000000
4 1040.000000 8569 0.132900 937 1.000000 0.000000 1.000000 1.000000 1.000000 -0.920288 1.000000
4 1120.000000 10 0.153100 988 1.000000 0.000000 1.000000 1.000000 1.000000 -0.977097 1.000000
4 1120.000000 8569 0.149200 974 1.000000 0.000000 1.000000 1.000000 1.000000 -0.810809 1.000000
4 1200.000000 10 0.166400 1037 1.000000 0.000000 1.000000 1.000000 1.000000 -0.959182 1.000000
4 1200.000000 8569 0.164300 1024 1.000000 0.000000 1.000000 1.000000 1.000000 -0.901514 1.000000
4 1280.000000 10 0.180900 1070 1.000000 0.000000 1.000000 1.000000 1.000000 -1.063634 1.000000
4 1280.000000 8569 0.179900 1062 1.000000 0.000000 1.000000 1.000000 1.000000 -0.787233 1.000000
4 1360.000000 10 0.192400 1115 1.000000 0.000000 1.000000 1.000000 1.000000 -1.018346 1.000000
4 1360.000000 8569 0.187100 1101 1.000000 0.000000 1.000000 1.000000 1.000000 -0.789061 1.000000
4 1440.000000 10 0.210100 1157 1.000000 0.000000 1.000000 1.000000 1.000000 -0.959998 1.000000
4 1440.000000 8569 0.202900 1153 1.000000 0.000000 1.000000 1.000000 1.000000 -0.765216 1.000000
4 1520.000000 10 0.218600 1201 1.000000 0.000000 1.000000 1.000000 1.000000 -0.946901 1.000000
4 1520.000000 8569 0.217200 1186 1.000000 0.000000 1.000000 1.000000 1.000000 -0.798448 1.000000
4 1600.000000 10 0.232300 1236 1.000000 0.000000 1.000000 1.000000 1.000000 -0.837605 1.000000
4 1600.000000 8569 0.230100 1221 1.000000 0.000000 1.000000 1.000000 1.000000 -0.873948 1.000000
4 1680.000000 10 0.247700 1270 1.000000 0.000000 1.000000 1.000000 1.000000 -0.907406 1.000000
4 1680.000000 8569 0.239600 1266 1.000000 0.000000 1.000000 1.000000 1.000000 -0.961903 1.000000
4 1760.000000 10 0.257600 1290 1.000000 0.000000 1.000000 1.000000 1.000000 -0.844658 1.000000
4 1760.000000 8569 0.246300 1302 1.000000 0.000000 1.000000 1.000000 1.000000 -0.868419 1.000000
4 1840.000000 10 0.266000 1337 1.000000 0.000000 1.000000 1.000000 1.000000 -0.915787 1.000000
4 1840.000000 8569 0.261300 1349 1.000000 0.000000 1.000000 1.000000 1.000000 -0.914284 1.000000
4 1920.000000 10 0.277200 1375 1.000000 0.000000 1.000000 1.000000 1.000000 -0.999998 1.000000
4 1920.000000 8569 0.270300 1367 1.000000 0.000000 1.000000 1.000000 1.000000 -0.720719 1.000000
4 2000.000000 10 0.283700 1396 1.000000 0.000000 1.000000 1.000000 1.000000 -0.799998 1.000000
4 2000.000000 8569 0.278500 1401 1.000000 0.000000 1.000000 1.000000 1.000000 -0.864076 1.000000
4 2080.000000 10 0.293400 1426 1.000000 0.000000 1.000000 1.000000 1.000000 -0.877549 1.000000
4 2080.000000 8569 0.289500 1426 1.000000 0.000000 1.000000 1.000000 1.000000 -0.737372 1.000000
4 2160.000000 10 0.302800 1463 1.000000 0.000000 1.000000 1.000000 1.000000 -0.689319 1.000000
4 2160.000000 8569 0.299100 1457 1.000000 0.000000 1.000000 1.000000 1.000000 -0.793813 1.000000
4 2240.000000 10 0.309800 1499 1.000000 0.000000 1.000000 1.000000 1.000000 -0.825241 1.000000
4 2240.000000 8569 0.306200 1487 1.000000 0.000000 1.000000 1.000000 1.000000 -0.592919 1.000000
4 2320.000000 10 0.317800 1513 1.000000 0.000000 1.000000 1.000000 1.000000 -0.854165 1.000000
4 2320.000000 8569 0.305900 1526 1.000000 0.000000 1.000000 1.000000 1.000000 -0.868685 1.000000
4 2400.000000 10 0.329000 1541 1.000000 0.000000 1.000000 1.000000 1.000000 -0.888887 1.000000
4 2400.000000 8569 0.314900 1546 1.000000 0.000000 1.000000 1.000000 1.000000 -0.795917 1.000000
4 2480.000000 10 0.333800 1589 1.000000 0.000000 1.000000 1.000000 1.000000 -0.895347 1.000000
4 2480.000000 8569 0.323300 1588 1.000000 0.000000 1.000000 1.000000 1.000000 -0.698923 1.000000
4 2560.000000 10 0.341200 1601 1.000000 0.000000 1.000000 1.000000 1.000000 -1.011902 1.000000
4 2560.000000 8569 0.331300 1602 1.000000 0.000000 1.000000 1.000000 1.000000 -0.783503 1.000000
4 2640.000000 10 0.349600 1622 1.000000 0.000000 1.000000 1.000000 1.000000 -0.720429 1.000000
4 2640.000000 8569 0.337800 1634 1.000000 0.000000 1.000000 1.000000 1.000000 -0.734041 1.000000
4 2720.000000 10 0.351400 1656 1.000000 0.000000 1.000000 1.000000 1.000000 -0.698923 1.000000
4 2720.000000 8569 0.345300 1657 1.000000 0.000000 1.000000 1.000000 1.000000 -0.760868 1.000000
4 2800.000000 10 0.362900 1687 1.000000 0.000000 1.000000 1.000000 1.000000 -0.852271 1.000000
4 2800.000000 8569 0.349000 1689 1.000000 0.000000 1.000000 1.000000 1.000000 -0.835292 1.000000
4 2880.000000 10 0.365500 1712 1.000000 0.000000 1.000000 1.000000 1.000000 -0.827158 1.000000
4 2880.000000 8569 0.363300 1725 1.000000 0.000000 1.000000 1.000000 1.000000 -0.837498 1.000000
4 2960.000000 10 0.372700 1728 1.000000 0.000000 1.000000 1.000000 1.000000 -0.839504 1.000000
4 2960.000000 8569 0.364700 1729 1.000000 0.000000 1.000000 1.000000 1.000000 -0.786515 1.000000
4 3040.000000 10 0.378300 1748 1.000000 0.000000 1.000000 1.000000 1.000000 -0.924048 1.000000
4 3040.000000 8569 0.371000 1749 1.000000 0.000000 1.000000 1.000000 1.000000 -0.857141 1.000000
4 3120.000000 10 0.382200 1773 1.000000 0.000000 1.000000 1.000000 1.000000 -0.790122 1.000000
4 3120.000000 8569 0.374400 1795 1.000000 0.000000 1.000000 1.000000 1.000000 -0.788233 1.000000
4 3200.000000 10 0.391000 1774 1.000000 0.000000 1.000000 1.000000 1.000000 -0.884613 1.000000
4 3200.000000 8569 0.377600 1822 1.000000 0.000000 1.000000 1.000000 1.000000 -0.839504 1.000000
4 3280.000000 10 0.395000 1818 1.000000 0.000000 1.000000 1.000000 1.000000 -0.974024 1.000000
4 3280.000000 8569 0.385700 1832 1.000000 0.000000 1.000000 1.000000 1.000000 -0.883719 1.000000
4 3360.000000 10 0.401000 1817 1.000000 0.000000 1.000000 1.000000 1.000000 -0.886074 1.000000
4 3360.000000 8569 0.394200 1842 1.000000 0.000000 1.000000 1.000000 1.000000 -0.873416 1.000000
4 3440.000000 10 0.402600 1841 1.000000 0.000000 1.000000 1.000000 1.000000 -0.971828 1.000000
4 3440.000000 8569 0.396600 1860 1.000000 0.000000 1.000000 1.000000 1.000000 -0.749998 1.000000
4 3520.000000 10 0.404600 1874 1.000000 0.000000 1.000000 1.000000 1.000000 -0.942855 1.000000
4 3520.000000 8569 0.397000 1892 1.000000 0.000000 1.000000 1.000000 1.000000 -0.749998 1.000000
4 3600.000000 10 0.408000 1887 1.000000 0.000000 1.000000 1.000000 1.000000 -0.958331 1.000000
4 3600.000000 8569 0.409200 1901 1.000000 0.000000 1.000000 1.000000 1.000000 -0.756408 1.000000
4 3680.000000 10 0.413200 1895 1.000000 0.000000 1.000000 1.000000 1.000000 -1.092305 1.000000
4 3680.000000 8569 0.409400 1928 1.000000 0.000000 1.000000 1.000000 1.000000 -0.614456 1.000000
4 3760.000000 10 0.418800 1918 1.000000 0.000000 1.000000 1.000000 1.000000 -0.970147 1.000000
4 3760.000000 8569 0.414600 1936 1.000000 0.000000 1.000000 1.000000 1.000000 -0.792206 1.000000
4 3840.000000 10 0.422300 1931 1.000000 0.000000 1.000000 1.000000 1.000000 -0.927534 1.000000
4 3840.000000 8569 0.418300 1966 1.000000 0.000000 1.000000 1.000000 1.000000 -0.749998 1.000000
4 3920.000000 10 0.427600 1937 1.000000 0.000000 1.000000 1.000000 1.000000 -0.907690 1.000000
4 3920.000000 8569 0.424000 1972 1.000000 0.000000 1.000000 1.000000 1.000000 -0.670587 1.000000
4 4000.000000 10 0.439100 1936 1.000000 0.000000 1.000000 1.000000 1.000000 -0.984124 1.000000
4 4000.000000 8569 0.427700 1986 1.000000 0.000000 1.000000 1.000000 1.000000 -0.734938 1.000000
7 140.000000 10 0.000000 176 1.000000 0.000000 1.000000 1.000000 1.000000 -0.104742 1.000000
7 140.000000 8569 0.000000 182 1.000000 0.000000 1.000000 1.000000 1.000000 -0.074022 1.000000
7 280.000000 10 0.000000 328 1.000000 0.000000 1.000000 1.000000 1.000000 -0.079235 1.000000
7 280.000000 8569 0.000000 336 1.000000 0.000000 1.000000 1.000000 1.000000 -0.055605 1.000000
7 420.000000 10 0.000000 470 1.000000 0.000000 1.000000 1.000000 1.000000 -0.119867 1.000000
7 420.000000 8569 0.000000 468 1.000000 0.000000 1.000000 1.000000 1.000000 -0.035126 1.000000
7 560.000000 10 0.000000 629 1.000000 0.000000 1.000000 1.000000 1.000000 -0.189258 1.000000
7 560.000000 8569 0.000000 606 1.000000 0.000000 1.000000 1.000000 1.000000 -0.216898 1.000000
7 700.000000 10 0.000000 773 1.000000 0.000000 1.000000 1.000000 1.000000 -0.246223 1.000000
7 700.000000 8569 0.000000 758 1.000000 0.000000 1.000000 1.000000 1.000000 -0.223101 1.000000
7 840.000000 10 0.000800 913 1.000000 0.000000 1.000000 1.000000 1.000000 -0.267730 1.000000
7 840.000000 8569 0.000000 900 1.000000 0.000000 1.000000 1.000000 1.000000 -0.207477 1.000000
7 980.000000 10 0.007400 1046 1.000000 0.000000 1.000000 1.000000 1.000000 -0.246888 1.000000
7 980.000000 8569 0.005200 1037 1.000000 0.000000 1.000000 1.000000 1.000000 -0.249458 1.000000
7 1120.000000 10 0.019100 1163 1.000000 0.000000 1.000000 1.000000 1.000000 -0.294253 1.000000
7 1120.000000 8569 0.018500 1144 1.000000 0.000000 1.000000 1.000000 1.000000 -0.195171 1.000000
7 1260.000000 10 0.034000 1281 1.000000 0.000000 1.000000 1.000000 1.000000 -0.268116 1.000000
7 1260.000000 8569 0.037400 1244 1.000000 0.000000 1.000000 1.000000 1.000000 -0.219178 1.000000
7 1400.000000 10 0.052500 1370 1.000000 0.000000 1.000000 1.000000 1.000000 -0.258974 1.000000
7 1400.000000 8569 0.052800 1344 1.000000 0.000000 1.000000 1.000000 1.000000 -0.244332 1.000000
7 1540.000000 10 0.068200 1475 1.000000 0.000000 1.000000 1.000000 1.000000 -0.258242 1.000000
7 1540.000000 8569 0.071500 1446 1.000000 0.000000 1.000000 1.000000 1.000000 -0.260526 1.000000
7 1680.000000 10 0.087900 1547 1.000000 0.000000 1.000000 1.000000 1.000000 -0.234987 1.000000
7 1680.000000 8569 0.089600 1529 1.000000 0.000000 1.000000 1.000000 1.000000 -0.214876 1.000000
7 1820.000000 10 0.103100 1629 1.000000 0.000000 1.000000 1.000000 1.000000 -0.227273 1.000000
7 1820.000000 8569 0.104500 1626 1.000000 0.000000 1.000000 1.000000 1.000000 -0.225352 1.000000
7 1960.000000 10 0.117700 1714 1.000000 0.000000 1.000000 1.000000 1.000000 -0.240356 1.000000
7 1960.000000 8569 0.118200 1697 1.000000 0.000000 1.000000 1.000000 1.000000 -0.221288 1.000000
7 2100.000000 10 0.133400 1799 1.000000 0.000000 1.000000 1.000000 1.000000 -0.253205 1.000000
7 2100.000000 8569 0.131100 1771 1.000000 0.000000 1.000000 1.000000 1.000000 -0.250746 1.000000
7 2240.000000 10 0.146800 1874 1.000000 0.000000 1.000000 1.000000 1.000000 -0.283737 1.000000
7 2240.000000 8569 0.145200 1846 1.000000 0.000000 1.000000 1.000000 1.000000 -0.229651 1.000000
7 2380.000000 10 0.158800 1932 1.000000 0.000000 1.000000 1.000000 1.000000 -0.208333 1.000000
7 2380.000000 8569 0.156200 1912 1.000000 0.000000 1.000000 1.000000 1.000000 -0.311321 1.000000
7 2520.000000 10 0.173100 2016 1.000000 0.000000 1.000000 1.000000 1.000000 -0.232026 1.000000
7 2520.000000 8569 0.172500 1976 1.000000 0.000000 1.000000 1.000000 1.000000 -0.245734 1.000000
7 2660.000000 10 0.185500 2086 1.000000 0.000000 1.000000 1.000000 1.000000 -0.248227 1.000000
7 2660.000000 8569 0.183200 2041 1.000000 0.000000 1.000000 1.000000 1.000000 -0.284246 1.000000
7 2800.000000 10 0.193000 2138 1.000000 0.000000 1.000000 1.000000 1.000000 -0.325423 1.000000
7 2800.000000 8569 0.193000 2120 1.000000 0.000000 1.000000 1.000000 1.000000 -0.272727 1.000000
7 2940.000000 10 0.206500 2204 1.000000 0.000000 1.000000 1.000000 1.000000 -0.228464 1.000000
7 2940.000000 8569 0.206600 2185 1.000000 0.000000 1.000000 1.000000 1.000000 -0.286821 1.000000
7 3080.000000 10 0.216800 2247 1.000000 0.000000 1.000000 1.000000 1.000000 -0.266159 1.000000
7 3080.000000 8569 0.213600 2249 1.000000 0.000000 1.000000 1.000000 1.000000 -0.254826 1.000000
7 3220.000000 10 0.225800 2321 1.000000 0.000000 1.000000 1.000000 1.000000 -0.283019 1.000000
7 3220.000000 8569 0.221400 2290 1.000000 0.000000 1.000000 1.000000 1.000000 -0.158490 1.000000
7 3360.000000 10 0.234100 2354 1.000000 0.000000 1.000000 1.000000 1.000000 -0.421276 1.000000
7 3360.000000 8569 0.232300 2332 1.000000 0.000000 1.000000 1.000000 1.000000 -0.245211 1.000000
7 3500.000000 10 0.245400 2405 1.000000 0.000000 1.000000 1.000000 1.000000 -0.352697 1.000000
7 3500.000000 8569 0.240000 2380 1.000000 0.000000 1.000000 1.000000 1.000000 -0.255905 1.000000
7 3640.000000 10 0.251300 2447 1.000000 0.000000 1.000000 1.000000 1.000000 -0.284444 1.000000
7 3640.000000 8569 0.247700 2428 1.000000 0.000000 1.000000 1.000000 1.000000 -0.226415 1.000000
7 3780.000000 10 0.257200 2483 1.000000 0.000000 1.000000 1.000000 1.000000 -0.371179 1.000000
7 3780.000000 8569 0.255300 2489 1.000000 0.000000 1.000000 1.000000 1.000000 -0.265823 1.000000
7 3920.000000 10 0.267000 2513 1.000000 0.000000 1.000000 1.000000 1.000000 -0.294117 1.000000
7 3920.000000 8569 0.263800 2535 1.000000 0.000000 1.000000 1.000000 1.000000 -0.171674 1.000000
7 4060.000000 10 0.276000 2551 1.000000 0.000000 1.000000 1.000000 1.000000 -0.302904 1.000000
7 4060.000000 8569 0.272800 2566 1.000000 0.000000 1.000000 1.000000 1.000000 -0.214286 1.000000
7 4200.000000 10 0.279200 2591 1.000000 0.000000 1.000000 1.000000 1.000000 -0.253906 1.000000
7 4200.000000 8569 0.276600 2617 1.000000 0.000000 1.000000 1.000000 1.000000 -0.240174 1.000000
7 4340.000000 10 0.287900 2621 1.000000 0.000000 1.000000 1.000000 1.000000 -0.298165 1.000000
7 4340.000000 8569 0.283500 2631 1.000000 0.000000 1.000000 1.000000 1.000000 -0.229729 1.000000
7 4480.000000 10 0.292700 2642 1.000000 0.000000 1.000000 1.000000 1.000000 -0.268595 1.000000
7 4480.000000 8569 0.294000 2682 1.000000 0.000000 1.000000 1.000000 1.000000 -0.243119 1.000000
7 4620.000000 10 0.300300 2678 1.000000 0.000000 1.000000 1.000000 1.000000 -0.255319 1.000000
7 4620.000000 8569 0.305000 2722 1.000000 0.000000 1.000000 1.000000 1.000000 -0.221719 1.000000
7 4760.000000 10 0.306800 2703 1.000000 0.000000 1.000000 1.000000 1.000000 -0.240664 1.000000
7 4760.000000 8569 0.303900 2763 1.000000 0.000000 1.000000 1.000000 1.000000 -0.254464 1.000000
7 4900.000000 10 0.315900 2733 1.000000 0.000000 1.000000 1.000000 1.000000 -0.316964 1.000000
7 4900.000000 8569 0.306700 2787 1.000000 0.000000 1.000000 1.000000 1.000000 -0.250000 1.000000
7 5040.000000 10 0.316800 2791 1.000000 0.000000 1.000000 1.000000 1.000000 -0.246511 1.000000
7 5040.000000 8569 0.314900 2834 1.000000 0.000000 1.000000 1.000000 1.000000 -0.254629 1.000000
7 5180.000000 10 0.323900 2820 1.000000 0.000000 1.000000 1.000000 1.000000 -0.258064 1.000000
7 5180.000000 8569 0.319300 2849 1.000000 0.000000 1.000000 1.000000 1.000000 -0.279279 1.000000
7 5320.000000 10 0.327200 2837 1.000000 0.000000 1.000000 1.000000 1.000000 -0.257009 1.000000
7 5320.000000 8569 0.325900 2884 1.000000 0.000000 1.000000 1.000000 1.000000 -0.229839 1.000000
7 5460.000000 10 0.339100 2864 1.000000 0.000000 1.000000 1.000000 1.000000 -0.266355 1.000000
7 5460.000000 8569 0.330600 2902 1.000000 0.000000 1.000000 1.000000 1.000000 -0.221675 1.000000
7 5600.000000 10 0.342400 2899 1.000000 0.000000 1.000000 1.000000 1.000000 -0.270000 1.000000
7 5600.000000 8569 0.336700 2908 1.000000 0.000000 1.000000 1.000000 1.000000 -0.180555 1.000000
7 5740.000000 10 0.346500 2932 1.000000 0.000000 1.000000 1.000000 1.000000 -0.295566 1.000000
7 5740.000000 8569 0.338800 2946 1.000000 0.000000 1.000000 1.000000 1.000000 -0.200980 1.000000
7 5880.000000 10 0.352600 2934 1.000000 0.000000 1.000000 1.000000 1.000000 -0.231481 1.000000
7 5880.000000 8569 0.347500 2955 1.000000 0.000000 1.000000 1.000000 1.000000 -0.239583 1.000000
7 6020.000000 10 0.351900 2975 1.000000 0.000000 1.000000 1.000000 1.000000 -0.360577 1.000000
7 6020.000000 8569 0.350800 2985 1.000000 0.000000 1.000000 1.000000 1.000000 -0.217616 1.000000
7 6160.000000 10 0.357500 2998 1.000000 0.000000 1.000000 1.000000 1.000000 -0.240196 1.000000
7 6160.000000 8569 0.357900 2994 1.000000 0.000000 1.000000 1.000000 1.000000 -0.235000 1.000000
7 6300.000000 10 0.365300 3017 1.000000 0.000000 1.000000 1.000000 1.000000 -0.242990 1.000000
7 6300.000000 8569 0.365100 2999 1.000000 0.000000 1.000000 1.000000 1.000000 -0.264550 1.000000
7 6440.000000 10 0.368700 3030 1.000000 0.000000 1.000000 1.000000 1.000000 -0.326315 1.000000
7 6440.000000 8569 0.371200 3020 1.000000 0.000000 1.000000 1.000000 1.000000 -0.243902 1.000000
7 6580.000000 10 0.371500 3033 1.000000 0.000000 1.000000 1.000000 1.000000 -0.178082 1.000000
7 6580.000000 8569 0.368300 3060 1.000000 0.000000 1.000000 1.000000 1.000000 -0.248704 1.000000
7 6720.000000 10 0.377900 3046 1.000000 0.000000 1.000000 1.000000 1.000000 -0.253968 1.000000
7 6720.000000 8569 0.373000 3064 1.000000 0.000000 1.000000 1.000000 1.000000 -0.203980 1.000000
7 6860.000000 10 0.377300 3082 1.000000 0.000000 1.000000 1.000000 1.000000 -0.240196 1.000000
7 6860.000000 8569 0.382000 3079 1.000000 0.000000 1.000000 1.000000 1.000000 -0.243523 1.000000
7 7000.000000 10 0.380400 3089 1.000000 0.000000 1.000000 1.000000 1.000000 -0.266990 1.000000
7 7000.000000 8569 0.382200 3108 1.000000 0.000000 1.000000 1.000000 1.000000 -0.235294 1.000000
